1567410201.7452047
1567410207.7531185
1567410208.4532168
1567410208.9530807
1567410209.3450341
1567410209.6453834
1567410209.9452219
1567410210.2447982
1567410210.544965
1567410210.8452191
1567410211.0454617
1567410211.2457383
1567410211.4453835
1567410211.6479533
1567410211.8481796
1567410212.0483134
1567410212.2500279
1567410212.4500558
1567410212.6502178
1567410212.8495522
1567410213.0497336
1567410213.2498364
1567410213.4517281
1567410213.6515045
1567410213.8512917
1567410214.053087
1567410214.2529969
1567410214.4529209
1567410214.6528203
1567410214.8520188
1567410215.0450361
1567410215.2451019
1567410215.4450078
1567410215.644906
1567410215.8444886
1567410216.0448954
1567410216.2449172
1567410216.4448299
1567410216.6449676
1567410216.844466
1567410217.0450697
1567410217.2468629
1567410217.4467385
1567410217.6467905
1567410217.8470364
1567410218.0471351
1567410218.246779
1567410218.4467428
1567410218.6464281
1567410218.8456533
1567410219.0470054
1567410219.2468638
1567410219.4482846
1567410219.6525531
1567410219.8518422
1567410220.0528071
1567410220.2531123
1567410220.4527521
1567410220.6524866
1567410220.8523083
1567410221.0524056
1567410221.2528963
1567410221.4528005
1567410221.6528673
1567410221.8527119
1567410222.0528967
1567410222.2444682
1567410222.4447186
1567410222.6448774
1567410222.8447428
1567410223.0448372
1567410223.2448287
1567410223.445066
1567410223.6447496
1567410223.8449049
1567410224.0450511
1567410224.2455447
1567410224.4451718
1567410224.6450138
1567410224.8444712
1567410225.0453284
1567410225.2464292
1567410225.4464896
1567410225.6464198
1567410225.8482664
1567410226.0515001
1567410226.2511592
1567410226.4524789
1567410226.6523218
1567410226.852448
1567410227.0447011
1567410227.2449179
1567410227.4447949
1567410227.6447864
1567410227.84425
1567410228.0447862
1567410228.2448809
1567410228.4449654
1567410228.644845
1567410228.8447249
1567410229.0444915
1567410229.2462554
1567410229.4464157
1567410229.6494269
1567410229.8493502
1567410230.0525463
1567410230.2526176
1567410230.452632
1567410230.6525645
1567410230.8526797
1567410231.052994
1567410231.2447214
1567410231.4445608
1567410231.6441135
1567410231.845715
1567410232.0442555
1567410232.244323
1567410232.4445336
1567410232.6444561
1567410232.8441877
1567410233.0441844
1567410233.2442737
1567410233.4448144
1567410233.6449964
1567410233.8450687
1567410234.0464108
1567410234.2460315
1567410234.446115
1567410234.6462808
1567410234.8467982
1567410235.0468607
1567410235.2463453
1567410235.4464836
1567410235.650646
1567410235.8509562
1567410236.0505643
1567410236.2526717
1567410236.4448004
1567410236.6447854
1567410236.8445621
1567410237.0451427
1567410237.2443817
1567410237.4443457
1567410237.6446819
1567410237.9448888
1567410238.1447361
1567410238.3447051
1567410238.5456662
1567410238.7476647
1567410238.9478137
1567410239.149344
1567410239.3495846
1567410239.5501108
1567410239.7523229
1567410239.9522657
1567410240.152586
1567410240.3444958
1567410240.5443921
1567410240.7442033
1567410240.9456682
1567410241.1445596
1567410241.3443632
1567410241.6446719
1567410241.8479199
1567410242.0472202
1567410242.2477927
1567410242.4477267
1567410242.647517
1567410242.8477666
1567410243.0472648
1567410243.2479386
1567410243.4477389
1567410243.6491528
1567410243.9522984
1567410244.1444881
1567410244.4442875
1567410244.6442387
1567410244.9442966
1567410245.1444557
1567410245.4460981
1567410245.6459889
1567410245.8462894
1567410246.1459982
1567410246.3474402
1567410246.6491477
1567410246.8490715
1567410247.0488026
1567410247.2491019
1567410247.449121
1567410247.6489952
1567410247.8489127
1567410248.0488837
1567410248.251754
1567410248.5515022
1567410248.7520955
1567410248.9519696
1567410249.1518705
1567410249.4441278
1567410249.6441216
1567410249.8440599
1567410250.043725
1567410250.2441108
1567410250.4440937
1567410250.7442124
1567410250.9443879
1567410251.1441865
1567410251.3441107
1567410251.5476499
1567410251.7442834
1567410251.9443839
1567410252.1446218
1567410252.3447344
1567410252.5438731
1567410252.7445574
1567410252.9505448
1567410253.1505055
1567410253.351141
1567410253.5505378
1567410253.7511415
1567410253.9508517
1567410254.151011
1567410254.3511043
1567410254.5511172
1567410254.7524383
1567410254.9524498
1567410255.152715
1567410255.3523431
1567410255.5520587
1567410255.7521291
1567410255.944541
1567410256.1443701
1567410256.4443743
1567410256.646189
1567410256.8509238
1567410257.0509818
1567410257.2527864
1567410257.5439873
1567410257.7437105
1567410257.9443867
1567410258.1442821
1567410258.3444278
1567410258.5493014
1567410258.7494936
1567410258.949369
1567410259.1494846
1567410259.3493142
1567410259.5492857
1567410259.7495325
1567410259.9493563
1567410260.1490409
1567410260.34887
1567410260.5485656
1567410260.8492737
1567410261.0496223
1567410261.2523766
1567410261.4443841
1567410261.6441891
1567410261.844177
1567410262.0446141
1567410262.2452085
1567410262.4449069
1567410262.6475999
1567410262.8475163
1567410263.0479436
1567410263.2474761
1567410263.4478259
1567410263.6478345
1567410263.8475497
1567410264.0491617
1567410264.2501869
1567410264.4526927
1567410264.6529202
1567410264.8528953
1567410265.0522687
1567410265.2445018
1567410265.4447777
1567410265.6447027
1567410265.8446312
1567410266.0447655
1567410266.2441697
1567410266.4462101
1567410266.6446285
1567410266.8444536
1567410267.0448856
1567410267.2446373
1567410267.445008
1567410267.6447523
1567410267.8462772
1567410268.046546
1567410268.2459023
1567410268.4523396
1567410268.6524906
1567410268.8527055
1567410269.0446415
1567410269.2444525
1567410269.4463761
1567410269.6448543
1567410269.8447227
1567410270.044668
1567410270.2445421
1567410270.444977
1567410270.6448677
1567410270.8448317
1567410271.0463133
1567410271.2464786
1567410271.4479482
1567410271.6494319
1567410271.8493488
1567410272.0491111
1567410272.2519262
1567410272.4518559
1567410272.6520915
1567410272.8523567
1567410273.0528908
1567410273.25368
1567410273.4455507
1567410273.6441519
1567410273.8445015
1567410274.0442798
1567410274.2441049
1567410274.4443731
1567410274.6446383
1567410274.8447804
1567410275.0444386
1567410275.2457914
1567410275.4463367
1567410275.6463375
1567410275.8475339
1567410276.0460389
1567410276.2472718
1567410276.4475381
1567410276.6477199
1567410276.8473737
1567410277.0440464
1567410277.2437224
1567410277.4436896
1567410277.6441309
1567410277.8441319
1567410278.0445013
1567410278.2437701
1567410278.4443355
1567410278.6446466
1567410278.8445594
1567410279.0443695
1567410279.2436292
1567410279.4472182
1567410279.6441298
1567410279.8444073
1567410280.0443771
1567410280.2443631
1567410280.4441521
1567410280.6459107
1567410280.8488953
1567410281.0502372
1567410281.3519397
1567410281.5438879
1567410281.7438421
1567410281.9442139
1567410282.1443129
1567410282.4466572
1567410282.747366
1567410283.0490723
1567410283.3505931
1567410283.6505954
1567410283.950001
1567410284.2518005
1567410284.5520599
1567410284.8516448
1567410285.1437883
1567410285.4430041
1567410285.743808
1567410286.0436404
1567410286.3435266
1567410286.6437721
1567410286.843956
1567410287.0441427
1567410287.2455697
1567410287.4457242
1567410287.6457024
1567410287.8457944
1567410288.0456712
1567410288.2470634
1567410288.4473348
1567410288.6477661
1567410288.8472447
1567410289.0472965
1567410289.247077
1567410289.4519136
1567410289.6516876
1567410289.8519208
1567410290.0517545
1567410290.2519848
1567410290.4510291
1567410290.6515088
1567410290.85165
1567410291.0515814
1567410291.3440194
1567410291.543813
1567410291.7438586
1567410291.9433451
1567410292.1440833
1567410292.3439219
1567410292.6439986
1567410292.9442139
1567410293.1442177
1567410293.4500093
1567410293.6499281
1567410293.8500121
1567410294.0438249
1567410294.2437944
1567410294.4435737
1567410294.6453245
1567410294.8439207
1567410295.1437914
1567410295.3436935
1567410295.6437223
1567410295.8440139
1567410296.0441308
1567410296.2441339
1567410296.4442928
1567410296.6443572
1567410296.8442965
1567410297.0441227
1567410297.2438879
1567410297.4440227
1567410297.6440165
1567410297.8443787
1567410298.0445864
1567410298.2472246
1567410298.4472644
1567410298.6469665
1567410298.9473794
1567410299.1472862
1567410299.4473715
1567410299.6484258
1567410299.8485994
1567410300.1512413
1567410300.3536341
1567410300.544266
1567410300.7443264
1567410300.9469402
1567410301.146765
1567410301.3476253
1567410301.6473334
1567410301.8504765
1567410302.1515248
1567410302.3516631
1567410302.5517364
1567410302.7516174
1567410302.9437904
1567410303.1432853
1567410303.3435969
1567410303.5435505
1567410303.7451563
1567410303.9437265
1567410304.1431615
1567410304.343931
1567410304.6434317
1567410304.8435855
1567410305.0437415
1567410305.2438576
1567410305.4435601
1567410305.6433213
1567410305.8435793
1567410306.0439627
1567410306.2439432
1567410306.4435153
1567410306.6437438
1567410306.8440371
1567410307.0442419
1567410307.2455831
1567410307.4453011
1567410307.6469448
1567410307.8470869
1567410308.0469847
1567410308.2470725
1567410308.4483156
1567410308.6477661
1567410308.8483832
1567410309.0498533
1567410309.2496202
1567410309.449779
1567410309.7499375
1567410309.9510431
1567410310.1512198
1567410310.3435941
1567410310.5429881
1567410310.7431571
1567410310.9431992
1567410311.1426611
1567410311.3434441
1567410311.5437143
1567410311.7454619
1567410311.9454749
1567410312.2465646
1567410312.4464986
1567410312.64661
1567410312.946908
1567410313.1470048
1567410313.3470998
1567410313.5469246
1567410313.7465718
1567410313.9468861
1567410314.1484623
1567410314.3483121
1567410314.5480759
1567410314.7496269
1567410314.9482849
1567410315.2496192
1567410315.4512198
1567410315.6528115
1567410315.8440332
1567410316.0433464
1567410316.2431216
1567410316.4431038
1567410316.6435995
1567410316.8437085
1567410317.043787
1567410317.2434354
1567410317.4435775
1567410317.6481659
1567410317.8506844
1567410318.0510011
1567410318.251178
1567410318.4513674
1567410318.6512711
1567410318.8509917
1567410319.0511892
1567410319.2433083
1567410319.4434991
1567410319.6437125
1567410319.8435354
1567410320.0433514
1567410320.2431757
1567410320.4433608
1567410320.6437871
1567410320.8439615
1567410321.0438511
1567410321.2440598
1567410321.443929
1567410321.6442082
1567410321.8438954
1567410322.0439363
1567410322.2439864
1567410322.4442463
1567410322.6436732
1567410322.8435543
1567410323.0437241
1567410323.3466487
1567410323.5463784
1567410323.7465
1567410323.948297
1567410324.1482186
1567410324.3479743
1567410324.5484102
1567410324.748553
1567410324.9484015
1567410325.1481299
1567410325.3478744
1567410325.5482888
1567410325.7481797
1567410325.948138
1567410326.1478438
1567410326.3507488
1567410326.5513096
1567410326.7532022
1567410326.9435244
1567410327.2431815
1567410327.4434626
1567410327.6435056
1567410327.8426232
1567410328.0437992
1567410328.2436335
1567410328.4452643
1567410328.6450891
1567410328.844877
1567410329.0450649
1567410329.2452624
1567410329.4456213
1567410329.6453848
1567410329.844677
1567410330.046643
1567410330.2466731
1567410330.4464989
1567410330.6465862
1567410330.8495548
1567410331.0509691
1567410331.3428357
1567410331.5445726
1567410331.7430668
1567410331.9447389
1567410332.1449225
1567410332.3432028
1567410332.5433753
1567410332.7431757
1567410332.9431918
1567410333.1430621
1567410333.342931
1567410333.5443401
1567410333.7433095
1567410333.9437149
1567410334.1432567
1567410334.3433268
1567410334.5452282
1567410334.7450054
1567410334.9450514
1567410335.1449804
1567410335.3451805
1567410335.5466135
1567410335.7466271
1567410335.9483981
1567410336.1431928
1567410336.4452753
1567410336.6452563
1567410336.8467135
1567410337.048034
1567410337.2482498
1567410337.4481089
1567410337.6480582
1567410337.8481321
1567410338.0506048
1567410338.2510293
1567410338.4511526
1567410338.6511776
1567410338.8510411
1567410339.0511887
1567410339.2431521
1567410339.4430408
1567410339.6428211
1567410339.8430002
1567410340.1430488
1567410340.3432455
1567410340.5427685
1567410340.7431979
1567410340.9431272
1567410341.1435177
1567410341.3431995
1567410341.5435977
1567410341.7435575
1567410341.9433463
1567410342.1433911
1567410342.3435667
1567410342.5429966
1567410342.7435067
1567410343.042877
1567410343.2438169
1567410343.4436641
1567410343.6450734
1567410343.9467919
1567410344.1478846
1567410344.3478138
1567410344.5489457
1567410344.7496626
1567410345.0492213
1567410345.2515717
1567410345.4508104
1567410345.6508574
1567410345.8514204
1567410346.0432255
1567410346.2437232
1567410346.443089
1567410346.6435697
1567410346.8497965
1567410347.0497034
1567410347.2495308
1567410347.4494176
1567410347.6494744
1567410347.8493688
1567410348.1493287
1567410348.3511345
1567410348.5504715
1567410348.8508782
1567410349.051007
1567410349.251199
1567410349.451215
1567410349.7433982
1567410349.9430144
1567410350.1426694
1567410350.3431513
1567410350.5424061
1567410350.7448804
1567410350.9465754
1567410351.1463504
1567410351.3464749
1567410351.5462804
1567410351.7464857
1567410351.9459803
1567410352.1475246
1567410352.3432269
1567410352.5436146
1567410352.7437437
1567410352.9431596
1567410353.1428347
1567410353.3476188
1567410353.5492692
1567410353.7505696
1567410353.9506676
1567410354.1507716
1567410354.3509147
1567410354.5507524
1567410354.7429435
1567410354.9433258
1567410355.1450334
1567410355.3464055
1567410355.5511615
1567410355.7503374
1567410355.9507649
1567410356.1508152
1567410356.3432713
1567410356.5432775
1567410356.7429903
1567410356.9431362
1567410357.1432362
1567410357.3432479
1567410357.5430684
1567410357.7427261
1567410357.9429471
1567410358.1433485
1567410358.343236
1567410358.5432317
1567410358.7429798
1567410358.9430676
1567410359.1431284
1567410359.3435237
1567410359.5433295
1567410359.7431009
1567410359.9430649
1567410360.2431765
1567410360.4434311
1567410360.6434069
1567410360.9432433
1567410361.2424874
1567410361.4432337
1567410361.6435363
1567410361.8447671
1567410362.0443966
1567410362.3446109
1567410362.5449364
1567410362.7464948
1567410362.9473169
1567410363.1459525
1567410363.3473814
1567410363.5474811
1567410363.7493522
1567410363.9507365
1567410364.1490164
1567410364.3491695
1567410364.549305
1567410364.750813
1567410364.9507535
1567410365.1431534
1567410365.3428497
1567410365.54298
1567410365.7431514
1567410365.9432192
1567410366.1431401
1567410366.344713
1567410366.5447779
1567410366.7448969
1567410366.9462965
1567410367.1477721
1567410367.3474305
1567410367.5495956
1567410367.7494957
1567410367.9510167
1567410368.1505389
1567410368.3429494
1567410368.5431387
1567410368.743118
1567410368.942982
1567410369.1430626
1567410369.3433213
1567410369.5434637
1567410369.743463
1567410369.9434338
1567410370.1433702
1567410370.3431792
1567410370.5433326
1567410370.7424281
1567410370.9430072
1567410371.1430848
1567410371.3430564
1567410371.5434468
1567410371.7436738
1567410371.9440463
1567410372.1436737
1567410372.3432505
1567410372.5433242
1567410372.7435076
1567410372.9435406
1567410373.1449056
1567410373.3461659
1567410373.5448649
1567410373.7447844
1567410373.9464095
1567410374.1478601
1567410374.3480096
1567410374.5481551
1567410374.8476808
1567410375.0490994
1567410375.2493787
1567410375.4491842
1567410375.6491997
1567410375.8492706
1567410376.0430508
1567410376.2431049
1567410376.4426377
1567410376.6428902
1567410376.842639
1567410377.0432377
1567410377.2495689
1567410377.4493372
1567410377.6512203
1567410377.8478844
1567410378.0481112
1567410378.2483006
1567410378.4478123
1567410378.6493142
1567410378.8488283
1567410379.042608
1567410379.2431693
1567410379.4426045
1567410379.643064
1567410379.8433766
1567410380.0429747
1567410380.2429264
1567410380.4426591
1567410380.6431952
1567410380.8430879
1567410381.0449202
1567410381.2449682
1567410381.4453096
1567410381.6445024
1567410381.8459287
1567410382.1475887
1567410382.4465654
1567410382.7473874
1567410383.0492859
1567410383.3489983
1567410383.6491287
1567410383.9505274
1567410384.2505481
1567410384.5504646
1567410384.8427606
1567410385.1428924
1567410385.4427042
1567410385.7430067
1567410386.0444622
1567410386.3458128
1567410386.6461675
1567410386.9475522
1567410387.2488098
1567410387.5508738
1567410387.8445377
1567410388.1432941
1567410388.4430287
1567410388.7447875
1567410388.944834
1567410389.1451838
1567410389.3444831
1567410389.5493255
1567410389.7493732
1567410389.9493153
1567410390.1507685
1567410390.3506923
1567410390.550796
1567410390.7505713
1567410390.9427717
1567410391.2429259
1567410391.4431484
1567410391.6438065
1567410391.8432026
1567410392.0433173
1567410392.2429535
1567410392.4430885
1567410392.6431644
1567410392.9430952
1567410393.1432216
1567410393.3431394
1567410393.5429988
1567410393.7428591
1567410393.9428778
1567410394.1429362
1567410394.4431064
1567410394.6433673
1567410394.8431697
1567410395.0431459
1567410395.2429056
1567410395.4430985
1567410395.7431993
1567410395.9432261
1567410396.2447484
1567410396.4440367
1567410396.6487384
1567410396.9491599
1567410397.1489294
1567410397.3491056
1567410397.5489223
1567410397.7488627
1567410397.9488463
1567410398.1505098
1567410398.4515874
1567410398.6503339
1567410398.8509729
1567410399.042861
1567410399.2427347
1567410399.4441397
1567410399.6425841
1567410399.8426142
1567410400.0427024
1567410400.2428703
1567410400.4427586
1567410400.6425536
1567410400.8425465
1567410401.0429752
1567410401.3442457
1567410401.543952
1567410401.8450787
1567410402.0447905
1567410402.3448141
1567410402.6461039
1567410402.8494492
1567410403.050226
1567410403.3426268
1567410403.5425584
1567410403.7426832
1567410403.9432218
1567410404.1430116
1567410404.4426265
1567410404.6425638
1567410404.8428555
1567410405.0429916
1567410405.3448131
1567410405.5445528
1567410405.8457093
1567410406.0461304
1567410406.2478151
1567410406.4475729
1567410406.6472991
1567410406.8489316
1567410407.0504096
1567410407.3426263
1567410407.5426021
1567410407.7426381
1567410407.942697
1567410408.1428642
1567410408.3427374
1567410408.5426269
1567410408.7426052
1567410408.9425383
1567410409.1430528
1567410409.3426983
1567410409.5427868
1567410409.74297
1567410409.9428806
1567410410.1444011
1567410410.344878
1567410410.5458868
1567410410.7491331
1567410410.9490056
1567410411.1491549
1567410411.3490119
1567410411.5426629
1567410411.7428
1567410411.9428213
1567410412.1427188
1567410412.3426704
1567410412.5428848
1567410412.842886
1567410413.0424676
1567410413.2419894
1567410413.4422174
1567410413.6430662
1567410413.8431571
1567410414.044416
1567410414.24544
1567410414.5453959
1567410414.7456372
1567410414.9460194
1567410415.1462951
1567410415.3467002
1567410415.5475078
1567410415.7475638
1567410415.9475734
1567410416.1475682
1567410416.3469095
1567410416.5469718
1567410416.7469172
1567410416.9468002
1567410417.1470397
1567410417.3467691
1567410417.5476158
1567410417.7473588
1567410417.9471078
1567410418.1469443
1567410418.3468313
1567410418.5468266
1567410418.7471211
1567410418.9488897
1567410419.1474781
1567410419.3471997
1567410419.5470612
1567410419.749697
1567410419.9499469
1567410420.1421542
1567410420.341994
1567410420.5423031
1567410420.7420824
1567410420.9420705
1567410421.142262
1567410421.343924
1567410421.5421238
1567410421.7420449
1567410422.0421877
1567410422.2422776
1567410422.4423478
1567410422.6421826
1567410422.8422356
1567410423.0435438
1567410423.2427137
1567410423.4441347
1567410423.7440217
1567410423.9441226
1567410424.2440193
1567410424.4440887
1567410424.6488893
1567410424.8481297
1567410425.0487916
1567410425.2489722
1567410425.4501247
1567410425.6502049
1567410425.8495998
1567410426.0501931
1567410426.3421173
1567410426.5426133
1567410426.8427696
1567410427.1427581
1567410427.3413868
1567410427.5423799
1567410427.8418863
1567410428.0429089
1567410428.2442005
1567410428.5472424
1567410428.7474284
1567410428.9473991
1567410429.147403
1567410429.3474531
1567410429.5472429
1567410429.7470331
1567410429.946939
1567410430.1468666
1567410430.3471465
1567410430.5474076
1567410430.7470338
1567410430.9469039
1567410431.1470244
1567410431.3471634
1567410431.5470119
1567410431.7469745
1567410431.9471433
1567410432.1474438
1567410432.3472581
1567410432.5471778
1567410432.7484891
1567410432.9489236
1567410433.1488101
1567410433.3485587
1567410433.5481932
1567410433.7481513
1567410433.9483948
1567410434.1503191
1567410434.3428304
1567410434.5423338
1567410434.7422802
1567410434.9420788
1567410435.1439211
1567410435.3439863
1567410435.5441597
1567410435.74383
1567410435.9437356
1567410436.143959
1567410436.3439927
1567410436.5457473
1567410436.7470071
1567410436.94681
1567410437.1485658
1567410437.3487158
1567410437.5486608
1567410437.748421
1567410437.9498708
1567410438.1499078
1567410438.3420026
1567410438.5425997
1567410438.7424457
1567410438.9424841
1567410439.1424789
1567410439.3425903
1567410439.5425014
1567410439.7425091
1567410439.9424183
1567410440.1425934
1567410440.3426435
1567410440.5424907
1567410440.742398
1567410440.9426422
1567410441.1470876
1567410441.3487089
1567410441.5484102
1567410441.7484572
1567410441.948662
1567410442.1488175
1567410442.3486052
1567410442.5474367
1567410442.7486157
1567410442.9483726
1567410443.1485868
1567410443.3486595
1567410443.5480242
1567410443.748266
1567410443.9498506
1567410444.1420784
1567410444.3424304
1567410444.5421553
1567410444.7425153
1567410444.9421697
1567410445.1420329
1567410445.3421981
1567410445.5424128
1567410445.7426617
1567410445.9422691
1567410446.1426039
1567410446.342767
1567410446.5416417
1567410446.7420936
1567410447.0439415
1567410447.2457612
1567410447.4454908
1567410447.6458776
1567410447.8473163
1567410448.0463238
1567410448.2468488
1567410448.4470797
1567410448.6470962
1567410448.8467619
1567410449.0467634
1567410449.2468045
1567410449.4489498
1567410449.6489041
1567410449.8488162
1567410450.0488257
1567410450.2487674
1567410450.448947
1567410450.6502163
1567410450.8423858
1567410451.0423658
1567410451.2426674
1567410451.4423633
1567410451.6426826
1567410451.8427143
1567410452.0444028
1567410452.244128
1567410452.4461322
1567410452.6460502
1567410452.8456774
1567410453.0472944
1567410453.2482848
1567410453.4504321
1567410453.642648
1567410453.8426292
1567410454.0428913
1567410454.2439044
1567410454.4441199
1567410454.6439359
1567410454.8441484
1567410455.0439639
1567410455.2433109
1567410455.4440308
1567410455.6470168
1567410455.848454
1567410456.0484545
1567410456.2484684
1567410456.4492948
1567410456.6501114
1567410456.8501716
1567410457.0427251
1567410457.2427468
1567410457.4435766
1567410457.6422045
1567410457.842335
1567410458.0426171
1567410458.2440624
1567410458.4441154
1567410458.6442049
1567410458.8444571
1567410459.0457997
1567410459.2455318
1567410459.4468486
1567410459.6483788
1567410459.8485475
1567410460.0502162
1567410460.2423236
1567410460.4421852
1567410460.6421819
1567410460.8427978
1567410461.0425935
1567410461.2422121
1567410461.4437194
1567410461.6442511
1567410461.8443682
1567410462.0452828
1567410462.2448959
1567410462.44573
1567410462.6454511
1567410462.8471098
1567410463.0467107
1567410463.2469192
1567410463.4489479
1567410463.6486127
1567410463.8483307
1567410464.0480313
1567410464.2473216
1567410464.4486396
1567410464.6487443
1567410464.8487406
1567410465.0482335
1567410465.2483475
1567410465.4487398
1567410465.648977
1567410465.8486478
1567410466.0485992
1567410466.2486196
1567410466.4485321
1567410466.6487439
1567410466.8486731
1567410467.0484343
1567410467.2481842
1567410467.4482291
1567410467.6484811
1567410467.8485515
1567410468.048445
1567410468.2484424
1567410468.447948
1567410468.6485639
1567410468.8483901
1567410469.0482111
1567410469.2482827
1567410469.4479055
1567410469.649987
1567410469.8498027
1567410470.1419191
1567410470.3420801
1567410470.6420717
1567410470.8419058
1567410471.1422663
1567410471.3421545
1567410471.5423324
1567410471.7422175
1567410471.9415653
1567410472.2420413
1567410472.4423974
1567410472.6438615
1567410472.9436269
1567410473.1438289
1567410473.3440623
1567410473.6459
1567410473.94647
1567410474.1472573
1567410474.3469348
1567410474.546865
1567410474.8468559
1567410475.0469577
1567410475.2468987
1567410475.5480468
1567410475.7481756
1567410475.9484334
1567410476.1499023
1567410476.449455
1567410476.6425979
1567410476.842149
1567410477.0420101
1567410477.3417482
1567410477.6422014
1567410477.945034
1567410478.2450373
1567410478.5469198
1567410478.8438721
1567410479.1450069
1567410479.4481966
1567410479.7421315
1567410480.0422046
1567410480.3423169
1567410480.7422738
1567410481.2425258
1567410481.8419845
1567410482.3421071
1567410482.7420888
1567410483.2434833
1567410483.6455631
1567410484.0480301
1567410484.4420457
1567410484.7416525
1567410485.1419988
1567410485.5420022
1567410485.842067
1567410486.142338
1567410486.4413719
1567410486.8424711
1567410487.042232
1567410487.2424345
1567410487.4417634
1567410487.6428597
1567410487.8428364
1567410488.0437262
1567410488.3467517
1567410488.5467441
1567410488.746855
1567410488.9483156
1567410489.1481943
1567410489.351105
1567410489.541573
1567410489.7416937
1567410489.9419594
1567410490.1419342
1567410490.3418207
1567410490.5423903
1567410490.7438178
1567410490.9436803
1567410491.1428895
1567410491.3437445
1567410491.5452719
1567410491.7451518
1567410491.94662
1567410492.1476827
1567410492.3482606
1567410492.5481079
1567410492.7482085
1567410492.9496725
1567410493.1493318
1567410493.3495927
1567410493.5492892
1567410493.7494373
1567410493.9494231
1567410494.1413074
1567410494.3421514
1567410494.6418672
1567410494.8416059
1567410495.0415318
1567410495.241601
1567410495.5419955
1567410495.742079
1567410496.0420868
1567410496.2425537
1567410496.5437121
1567410496.7436116
1567410496.943152
1567410497.1431036
1567410497.3434951
1567410497.5448942
1567410497.8449526
1567410498.0463238
1567410498.3485754
1567410498.549577
1567410498.7493525
1567410498.9413383
1567410499.1413877
1567410499.342155
1567410499.5417321
1567410499.7419801
1567410499.9419127
1567410500.141607
1567410500.3418894
1567410500.5416398
1567410500.7414837
1567410500.941381
1567410501.1413963
1567410501.3416934
1567410501.5414264
1567410501.7415118
1567410501.9415698
1567410502.1411562
1567410502.3414581
1567410502.4416006
1567410502.5416622
1567410502.8419638
1567410502.9419577
1567410503.041877
1567410503.2418094
1567410503.3417768
1567410503.4416995
1567410503.5416064
1567410503.6411161
1567410503.7415717
1567410503.8415093
1567410503.9417629
1567410504.0417299
1567410504.1417346
1567410504.2420268
1567410504.3415473
1567410504.4421606
1567410504.541867
1567410504.6417687
1567410504.7416515
1567410504.8415997
1567410504.9421318
1567410505.0436246
1567410505.1435421
1567410505.2435281
1567410505.348053
1567410505.447875
1567410505.5476232
1567410505.6476526
1567410505.7477422
1567410505.8476658
1567410505.9477565
1567410506.0477452
1567410506.1478713
1567410506.2494507
1567410506.3495035
1567410506.4493754
1567410506.5493453
1567410506.6492245
1567410506.749285
1567410506.9495173
1567410507.0510726
1567410507.1415808
1567410507.2416108
1567410507.3413656
1567410507.4413972
1567410507.541286
1567410507.641573
1567410507.7411301
1567410507.8413239
1567410507.9417331
1567410508.0433447
1567410508.1432333
1567410508.2432601
1567410508.342905
1567410508.4449797
1567410508.5449207
1567410508.6448901
1567410508.7449071
1567410508.8449271
1567410508.9449563
1567410509.0448542
1567410509.1446903
1567410509.2476909
1567410509.3467479
1567410509.4473286
1567410509.5474803
1567410509.6475301
1567410509.7478449
1567410509.8478706
1567410509.9479454
1567410510.0477521
1567410510.1479223
1567410510.2476566
1567410510.3486264
1567410510.4492819
1567410510.5491648
1567410510.6494007
1567410510.7494643
1567410510.8491781
1567410511.1412792
1567410511.341167
1567410511.5411088
1567410511.8417459
1567410512.041687
1567410512.2419512
1567410512.5418584
1567410512.7433975
1567410512.9434614
1567410513.1435888
1567410513.3440077
1567410513.5450244
1567410513.7448878
1567410513.946244
1567410514.149123
1567410514.3410215
1567410514.5417969
1567410514.7416205
1567410514.9414756
1567410515.1434631
1567410515.4433727
1567410515.7448471
1567410515.9449329
1567410516.1464474
1567410516.3466268
1567410516.5464885
1567410516.8470626
1567410517.0483055
1567410517.347338
1567410517.5477073
1567410517.8481925
1567410518.1476943
1567410518.3475788
1567410518.547776
1567410518.8479977
1567410519.0479357
1567410519.2480063
1567410519.4496958
1567410519.7418633
1567410519.9417388
1567410520.1444705
1567410520.3417988
1567410520.541374
1567410520.7412758
1567410520.941747
1567410521.1419029
1567410521.3422129
1567410521.6417723
1567410521.8412335
1567410522.0418599
1567410522.2419505
1567410522.4449761
1567410522.6465542
1567410522.8463733
1567410523.0462008
1567410523.2478998
1567410523.548254
1567410523.7484095
1567410523.9481103
1567410524.148165
1567410524.348
1567410524.5475605
1567410524.8478274
1567410525.0413032
1567410525.3417356
1567410525.5410435
1567410525.7414646
1567410525.9417362
1567410526.1415484
1567410526.3421347
1567410526.5435607
1567410526.743602
1567410526.9433558
1567410527.1494298
1567410527.3493733
1567410527.541429
1567410527.7413349
1567410527.9414618
1567410528.141907
1567410528.3419745
1567410528.5424855
1567410528.7448249
1567410528.9461918
1567410529.1462941
1567410529.3461895
1567410529.5462971
1567410529.7463164
1567410529.9480762
1567410530.1497242
1567410530.3417246
1567410530.6413314
1567410530.841634
1567410531.0417645
1567410531.2421396
1567410531.4414809
1567410531.6416602
1567410531.8416893
1567410532.0430288
1567410532.2430356
1567410532.4429367
1567410532.6430628
1567410532.8431976
1567410533.0443485
1567410533.2447262
1567410533.4449978
1567410533.7458522
1567410533.947356
1567410534.1475828
1567410534.4478598
1567410534.6479485
1567410534.848074
1567410535.1410863
1567410535.3426719
1567410535.541635
1567410535.7431188
1567410535.9445446
1567410536.1446278
1567410536.3449528
1567410536.6450315
1567410536.8446164
1567410537.144429
1567410537.344682
1567410537.5463693
1567410537.7465494
1567410538.0455673
1567410538.3458691
1567410538.5461071
1567410538.8463337
1567410539.0461719
1567410539.2464468
1567410539.44612
1567410539.6463737
1567410539.8463113
1567410540.0462952
1567410540.2460115
1567410540.4459906
1567410540.6463413
1567410540.846576
1567410541.0464466
1567410541.246136
1567410541.4459255
1567410541.6459851
1567410541.849323
1567410542.1492498
1567410542.3412471
1567410542.5407031
1567410542.740725
1567410542.9416053
1567410543.2411981
1567410543.4411232
1567410543.6415656
1567410543.8414376
1567410544.0414803
1567410544.3417411
1567410544.6463056
1567410544.8461177
1567410545.0477798
1567410545.3477519
1567410545.5476205
1567410545.748956
1567410546.1414239
1567410546.4413509
1567410546.7411075
1567410547.0409214
1567410547.4433424
1567410547.8486745
1567410548.2486753
1567410548.6491582
1567410549.1491485
1567410549.5412133
1567410549.8413301
1567410550.1411071
1567410550.4413543
1567410550.841388
1567410551.2414591
1567410551.6488876
1567410551.8488448
1567410552.0410392
1567410552.3409452
1567410552.5408683
1567410552.7407405
1567410553.0414233
1567410553.3414438
1567410553.6412971
1567410553.9412928
1567410554.1415784
1567410554.3434391
1567410554.5431144
1567410554.7428384
1567410555.0429089
1567410555.3431585
1567410555.542872
1567410555.7428157
1567410555.944212
1567410556.2443349
1567410556.5472798
1567410556.8472378
1567410557.0411172
1567410557.342628
1567410557.7420807
1567410557.9441884
1567410558.2435846
1567410558.5460749
1567410558.7475011
1567410559.0469849
1567410559.2470336
1567410559.5416558
1567410559.8431044
1567410560.0446374
1567410560.3455944
1567410560.5407276
1567410560.8410337
1567410561.0410604
1567410561.2413728
1567410561.4413528
1567410561.7403183
1567410561.9409838
1567410562.2407579
1567410562.4404852
1567410562.7422919
1567410563.0428743
1567410563.2429514
1567410563.5449042
1567410563.7442818
1567410563.943382
1567410564.1470509
1567410564.5409157
1567410564.7409384
1567410564.9409261
1567410565.1411788
1567410565.441956
1567410565.6428096
1567410565.9438682
1567410566.2439826
1567410566.4434431
1567410566.6442811
1567410566.8472846
1567410567.0469735
1567410567.3474321
1567410567.5473959
1567410567.7486196
1567410567.9407079
1567410568.241009
1567410568.4404578
1567410568.6412034
1567410568.841162
1567410569.0408244
1567410569.3410974
1567410569.5409305
1567410569.7409868
1567410569.9410107
1567410570.2407279
1567410570.4407179
1567410570.6420705
1567410570.8413386
1567410571.0411804
1567410571.3424699
1567410571.5424168
1567410571.74264
1567410572.0429139
1567410572.2428548
1567410572.4430892
1567410572.644671
1567410572.8456774
1567410573.0455515
1567410573.3469796
1567410573.64726
1567410573.8474071
1567410574.0487227
1567410574.3485835
1567410574.5484536
1567410574.7408621
1567410575.0408638
1567410575.3424387
1567410575.5438452
1567410575.7440097
1567410575.9433689
1567410576.1455073
1567410576.4467816
1567410576.7484901
1567410577.0407956
1567410577.2406688
1567410577.5404484
1567410577.8402975
1567410578.1402245
1567410578.3402629
1567410578.6408663
1567410578.9404607
1567410579.2422628
1567410579.442116
1567410579.6424527
1567410579.9423454
1567410580.2422931
1567410580.5419841
1567410580.8420596
1567410581.042192
1567410581.3421524
1567410581.6420906
1567410581.8425093
1567410582.1422982
1567410582.3421998
1567410582.5421925
1567410582.8419628
1567410583.141413
1567410583.3421807
1567410583.6421113
1567410583.9422741
1567410584.2422011
1567410584.5424199
1567410584.7439582
1567410585.0437229
1567410585.2436888
1567410585.6435182
1567410585.9469774
1567410586.1471477
1567410586.3472838
1567410586.6476614
1567410586.8402948
1567410587.1403077
1567410587.34022
1567410587.5402844
1567410587.8403521
1567410588.0404642
1567410588.2405474
1567410588.5404599
1567410588.7402689
1567410589.1397679
1567410589.3410678
1567410589.6400924
1567410589.8407116
1567410590.0404162
1567410590.3438363
1567410590.5402346
1567410590.8404751
1567410591.0405571
1567410591.2403843
1567410591.5404799
1567410591.740922
1567410592.0423737
1567410592.2422481
1567410592.6448643
1567410592.9453132
1567410593.2404165
1567410593.5402083
1567410593.8405533
1567410594.0422566
1567410594.343673
1567410594.6440101
1567410594.8442175
1567410595.1435978
1567410595.4436996
1567410595.643647
1567410595.8468113
1567410596.0481894
1567410596.3480432
1567410596.5402625
1567410596.8402243
1567410597.0401387
1567410597.3401399
1567410597.6397309
1567410597.9404049
1567410598.2407382
1567410598.4409359
1567410598.7422709
1567410599.1434493
1567410599.3451297
1567410599.6484325
1567410599.940419
1567410600.1401408
1567410600.4406059
1567410600.7404096
1567410600.9400418
1567410601.2400823
1567410601.4403365
1567410601.7402012
1567410601.9403145
1567410602.240386
1567410602.5405052
1567410602.8406799
1567410603.1402581
1567410603.4404085
1567410603.7406301
1567410604.0420511
1567410604.2435477
1567410604.5486233
1567410604.8396606
1567410605.040076
1567410605.3396533
1567410605.5405009
1567410605.7404332
1567410605.9406755
1567410606.2406926
1567410606.4408579
1567410606.7405679
1567410607.0410733
1567410607.3399944
1567410607.6404169
1567410607.9422088
1567410608.2423222
1567410608.5422757
1567410608.7421308
1567410608.9421444
1567410609.143225
1567410609.3435941
1567410609.643831
1567410609.9438431
1567410610.144078
1567410610.4436295
1567410610.7437253
1567410610.9436877
1567410611.24332
1567410611.4437006
1567410611.7437053
1567410611.9436257
1567410612.1436961
1567410612.4437733
1567410612.7433143
1567410612.9435072
1567410613.2452183
1567410613.4452379
1567410613.7483685
1567410613.9483833
1567410614.2405851
1567410614.4407012
1567410614.7483644
1567410615.0483015
1567410615.3482342
1567410615.7483077
1567410615.9404905
1567410616.1406815
1567410616.4405818
1567410616.7407026
1567410616.9467373
1567410617.1467884
1567410617.4466519
1567410617.746763
1567410618.0479672
1567410618.3403454
1567410618.7407238
1567410619.0405874
1567410619.2422268
1567410619.4421749
1567410619.6433003
1567410619.9450746
1567410620.1452491
1567410620.4451988
1567410620.7453251
1567410621.0463204
1567410621.2465613
1567410621.5462897
1567410621.9470017
1567410622.1467793
1567410622.4469385
1567410622.747041
1567410623.046428
1567410623.3483891
1567410623.6482725
1567410623.9483304
1567410624.2483387
1567410624.5475509
1567410624.8482707
1567410625.2482977
1567410625.5481589
1567410625.8480597
1567410626.0479555
1567410626.2482526
1567410626.5483067
1567410626.8481033
1567410627.0475714
1567410627.2483218
1567410627.5485899
1567410627.8481984
1567410628.1512897
1567410628.4482234
1567410628.7402973
1567410629.0396049
1567410629.2402039
1567410629.5402157
1567410629.7402048
1567410630.0393705
1567410630.2400267
1567410630.44017
1567410630.7404456
1567410630.9420896
1567410631.1416197
1567410631.3419294
1567410631.6450465
1567410631.8450179
1567410632.0447788
1567410632.2465048
1567410632.5461147
1567410632.7482278
1567410633.0483377
1567410633.2484243
1567410633.4479587
1567410633.6399872
1567410633.8401201
1567410634.1399629
1567410634.3402641
1567410634.5403268
1567410634.7404835
1567410634.9402285
1567410635.1406131
1567410635.4405746
1567410635.7405984
1567410635.9405966
1567410636.1420939
1567410636.4433589
1567410636.6432314
1567410636.8432505
1567410637.0434742
1567410637.2430468
1567410637.5436652
1567410637.7429411
1567410637.9432325
1567410638.1435134
1567410638.3435514
1567410638.5451307
1567410638.7444086
1567410638.9448156
1567410639.2478397
1567410639.4480102
1567410639.6399965
1567410639.8398919
1567410640.039788
1567410640.2428398
1567410640.4438527
1567410640.6450176
1567410640.845253
1567410641.0451758
1567410641.2463222
1567410641.4471476
1567410641.6462049
1567410641.8480279
1567410642.2470534
1567410642.4407525
1567410642.7400408
1567410642.9397676
1567410643.2393391
1567410643.4397724
1567410643.7397373
1567410643.9401836
1567410644.1400573
1567410644.4407637
1567410644.6407061
1567410644.8417928
1567410645.0416331
1567410645.3433144
1567410645.5435286
1567410645.7436764
1567410645.9434049
1567410646.1432207
1567410646.3434119
1567410646.6461911
1567410647.0397658
1567410647.2396224
1567410647.4403234
1567410647.6403711
1567410647.8401887
1567410648.0401936
1567410648.2397642
1567410648.4403481
1567410648.6419678
1567410648.9437227
1567410649.146265
1567410649.3463397
1567410649.5479751
1567410649.7401428
1567410649.9398155
1567410650.1399076
1567410650.3401358
1567410650.5403392
1567410650.7402956
1567410651.0400712
1567410651.2397029
1567410651.4403412
1567410651.7402477
1567410651.9467313
1567410652.1468866
1567410652.3467052
1567410652.5467155
1567410652.7463188
1567410652.9457793
1567410653.146234
1567410653.4462273
1567410653.6479454
1567410653.8478844
1567410654.0478964
1567410654.24841
1567410654.4473879
1567410654.9400103
1567410655.1405938
1567410655.3403587
1567410655.6397817
1567410655.8400476
1567410656.0403206
1567410656.2406132
1567410656.4418092
1567410656.6419694
1567410656.841918
1567410657.0421209
1567410657.242115
1567410657.4418309
1567410657.7433488
1567410657.9448688
1567410658.1460695
1567410658.4395866
1567410658.7401443
1567410658.9391336
1567410659.140388
1567410659.4391615
1567410659.6461987
1567410659.941361
1567410660.1418455
1567410660.3433187
1567410660.6448622
1567410660.8450167
1567410661.0449159
1567410661.2448893
1567410661.4457369
1567410661.6465356
1567410661.848062
1567410662.0401795
1567410662.2402062
1567410662.5402305
1567410662.7402871
1567410663.0404663
1567410663.2406611
1567410663.5403445
1567410663.8405795
1567410664.041271
1567410664.3417084
1567410664.6420298
1567410664.8421042
1567410665.1422491
1567410665.443639
1567410665.8403685
1567410666.1398575
1567410666.4400752
1567410666.74032
1567410667.0408237
1567410667.240593
1567410667.4400761
1567410667.7402489
1567410668.039959
1567410668.3402593
1567410668.6402197
1567410668.9405437
1567410669.2401841
1567410669.5402813
1567410669.7403903
1567410670.040823
1567410670.2404597
1567410670.5400016
1567410670.8403263
1567410671.0404444
1567410671.2401555
1567410671.5400813
1567410671.740119
1567410672.0400887
1567410672.3405683
1567410672.5404737
1567410672.8402646
1567410673.0478933
1567410673.3491461
1567410673.5480816
1567410673.8400452
1567410674.0398655
1567410674.3406231
1567410674.540081
1567410674.840589
1567410675.0398841
1567410675.3412156
1567410675.5403035
1567410675.8403261
1567410676.0405653
1567410676.1397913
1567410676.3397796
1567410676.439966
1567410676.6395493
1567410676.8412025
1567410676.9422629
1567410677.1463711
1567410677.3467882
1567410677.446938
1567410677.6480238
1567410677.8477945
1567410677.9480467
1567410678.1483567
1567410678.3480346
1567410678.548193
1567410678.6483004
1567410678.8482213
1567410679.0405407
1567410679.3402526
1567410679.5400438
1567410679.6401317
1567410679.8402483
1567410680.0401988
1567410680.1402025
1567410680.3400757
1567410680.5399327
1567410680.7402811
1567410680.8408544
1567410681.0403843
1567410681.2404695
1567410681.4409325
1567410681.6404345
1567410681.8405554
1567410682.040535
1567410682.1406083
1567410682.3420844
1567410682.5452282
1567410682.7471263
1567410683.048559
1567410683.148535
1567410683.3477459
1567410683.4479885
1567410683.6403928
1567410683.7406487
1567410683.9405844
1567410684.0403831
1567410684.2402093
1567410684.3400698
1567410684.5404625
1567410684.6403997
1567410684.8395171
1567410684.9401908
1567410685.1407571
1567410685.3416092
1567410685.5433438
1567410685.745234
1567410686.0453224
1567410686.3450377
1567410686.6448984
1567410686.94666
1567410687.1480978
1567410687.3482966
1567410687.5405526
1567410687.7402751
1567410688.041151
1567410688.2402518
1567410688.4403355
1567410688.6405046
1567410688.9406588
1567410689.2421856
1567410689.5423369
1567410689.7416503
1567410689.9432473
1567410690.1434391
1567410690.3437507
1567410690.5453987
1567410690.8417804
1567410691.1437922
1567410691.4435694
1567410691.745239
1567410692.0449767
1567410692.3444717
1567410692.644969
1567410692.9450266
1567410693.1451778
1567410693.3482299
1567410693.5482433
1567410693.8421421
1567410694.1436856
1567410694.4439225
1567410694.7436349
1567410695.1439278
1567410695.4436224
1567410695.7450826
1567410696.0403647
1567410696.3403292
1567410696.6406236
1567410696.9405727
1567410697.1403573
1567410697.3404033
1567410697.5400608
1567410697.8403261
1567410698.0398231
1567410698.340323
1567410698.6407716
1567410698.8403871
1567410699.1403761
1567410699.4407845
1567410699.7403815
1567410700.0398114
1567410700.2436194
1567410700.5436025
1567410700.7440856
1567410701.0435731
1567410701.2440865
1567410701.4437418
1567410701.745599
1567410701.9454718
1567410702.2473505
1567410702.5466886
1567410702.8469212
1567410703.1486695
1567410703.4405596
1567410703.7406046
1567410704.0402465
1567410704.2405956
1567410704.5400953
1567410704.9405878
1567410705.1406562
1567410705.4408653
1567410705.6407945
1567410705.9435554
1567410706.1438339
1567410706.4454391
1567410706.6455007
1567410706.9472682
1567410707.2470694
1567410707.4466085
1567410707.7467849
1567410707.9471164
1567410708.3468392
1567410708.5466292
1567410708.7467697
1567410709.0466695
1567410709.2467506
1567410709.4485843
1567410709.6483433
1567410709.9482477
1567410710.2403579
1567410710.5405378
1567410710.8403378
1567410711.1400034
1567410711.5404637
1567410711.7404149
1567410712.0401907
1567410712.3400688
1567410712.5402062
1567410712.8407657
1567410713.0408127
1567410713.3402545
1567410713.6404781
1567410713.9400306
1567410714.1400254
1567410714.4403846
1567410714.8403952
1567410715.0406852
1567410715.2403479
1567410715.54055
1567410715.8402328
1567410716.1402161
1567410716.3405573
1567410716.5419877
1567410716.7413464
1567410717.0437701
1567410717.2414877
1567410717.5437407
1567410717.743329
1567410718.0448537
1567410718.24454
1567410718.5450835
1567410718.7446949
1567410719.0449579
1567410719.2462492
1567410719.4480665
1567410719.7480111
1567410719.9485288
1567410720.3482327
1567410720.5499725
1567410720.7400186
1567410720.9402852
1567410721.1404715
1567410721.340163
1567410721.5430391
1567410721.7392712
1567410721.9408381
1567410722.1421788
1567410722.34203
1567410722.6434162
1567410722.9438167
1567410723.148062
1567410723.347883
1567410723.5477884
1567410723.7479813
1567410724.0482156
1567410724.248239
1567410724.5483828
1567410724.7401421
1567410724.9396777
1567410725.1400943
1567410725.542042
1567410725.7421868
1567410725.9423399
1567410726.1419466
1567410726.3449774
1567410726.5449626
1567410726.7464516
1567410726.945699
1567410727.1463702
1567410727.3466635
1567410727.5468261
1567410727.7464476
1567410728.0480433
1567410728.2403531
1567410728.4401908
1567410728.6402085
1567410728.9394403
1567410729.1401002
1567410729.3403432
1567410729.5418336
1567410729.841984
1567410730.0434759
1567410730.2433825
1567410730.4430852
1567410730.743427
1567410731.0433934
1567410731.3463602
1567410731.6480207
1567410731.9402554
1567410732.2397971
1567410732.4410517
1567410732.6420584
1567410732.8433778
1567410733.1447985
1567410733.3447659
1567410733.5496213
1567410733.7461231
1567410733.9470072
1567410734.2396567
1567410734.4396393
1567410734.639894
1567410734.9399207
1567410735.2399282
1567410735.4397428
1567410735.6403551
1567410735.8404739
1567410736.0404928
1567410736.2420797
1567410736.4418373
1567410736.6423314
1567410736.8415921
1567410737.0427415
1567410737.3460715
1567410737.5462892
1567410737.8463767
1567410738.0479925
1567410738.2489636
1567410738.4397352
1567410738.639765
1567410738.9399183
1567410739.2399933
1567410739.440078
1567410739.6401212
1567410739.8401167
1567410740.0401514
1567410740.2397337
1567410740.5399244
1567410740.7399225
1567410740.9400642
1567410741.2400663
1567410741.5399537
1567410741.8396597
1567410742.343353
1567410742.6439745
1567410742.9445446
1567410743.2444432
1567410743.5444736
1567410743.7446988
1567410743.9461448
1567410744.1452081
1567410744.345917
1567410744.5461922
1567410744.7463462
1567410745.0477843
1567410745.2472765
1567410745.4393241
1567410745.7395132
1567410746.0395262
1567410746.3429918
1567410746.5429707
1567410746.7443314
1567410746.9445829
1567410747.2443483
1567410747.4456966
1567410747.6451476
1567410747.9462163
1567410748.3480787
1567410748.5441282
1567410748.7443507
1567410749.0445936
1567410749.2463095
1567410749.5461066
1567410749.8460872
1567410750.0472333
1567410750.346607
1567410750.6461537
1567410750.9459178
1567410751.14572
1567410751.3457565
1567410751.7399061
1567410751.9400547
1567410752.1391199
1567410752.4397297
1567410752.6394954
1567410752.9399912
1567410753.140022
1567410753.4396939
1567410753.6401472
1567410753.9398711
1567410754.138916
1567410754.4397724
1567410754.739939
1567410754.9400191
1567410755.2398183
1567410755.5397465
1567410755.8393807
1567410756.1399515
1567410756.3400147
1567410756.6396041
1567410756.939743
1567410757.2395225
1567410757.5397964
1567410757.7397144
1567410757.8398409
1567410758.0398519
1567410758.1388285
1567410758.4396327
1567410758.6395237
1567410758.7409325
1567410758.9408486
1567410759.0422843
1567410759.242393
1567410759.342346
1567410759.4425418
1567410759.6426935
1567410759.7425549
1567410759.8426738
1567410760.042582
1567410760.1417639
1567410760.342298
1567410760.4422393
1567410760.5424073
1567410760.7428472
1567410760.8425386
1567410761.0443001
1567410761.1444261
1567410761.4446232
1567410761.6441231
1567410761.9453454
1567410762.2457566
1567410762.5471168
1567410762.8467116
1567410763.0473573
1567410763.338943
1567410763.539542
1567410763.7397566
1567410764.0398993
1567410764.3394556
1567410764.6407928
1567410764.9442337
1567410765.1441112
1567410765.3465068
1567410765.639286
1567410765.8387427
1567410766.0394418
1567410766.3392172
1567410766.6393218
1567410766.9395308
1567410767.1394424
1567410767.4393926
1567410767.7394705
1567410767.939692
1567410768.2427244
1567410768.442631
1567410768.7425878
1567410768.9427986
1567410769.2426798
1567410769.4424868
1567410769.7426343
1567410769.9444513
1567410770.1458709
1567410770.4454019
1567410770.7470226
1567410771.047112
1567410771.2468855
1567410771.5467958
1567410771.8469629
1567410772.138943
1567410772.4388354
1567410772.7392478
1567410772.9391599
1567410773.2394373
1567410773.5392969
1567410773.8392091
1567410774.2394965
1567410774.4397907
1567410774.7411213
1567410775.0423553
1567410775.2452221
1567410775.4455836
1567410775.6471291
1567410775.8390567
1567410776.1388037
1567410776.4390223
1567410776.7391834
1567410777.0385547
1567410777.2390397
1567410777.5392072
1567410777.8392782
1567410778.0386002
1567410778.3388963
1567410778.5390105
1567410778.840678
1567410779.142282
1567410779.4441361
1567410779.7437568
1567410780.0436296
1567410780.2453597
1567410780.445637
1567410780.7467721
1567410780.9389877
1567410781.2388735
1567410781.4388494
1567410781.738641
1567410782.0382369
1567410782.3391211
1567410782.5394914
1567410782.840898
1567410783.1409612
1567410783.4408906
1567410783.7410316
1567410784.042192
1567410784.3473737
1567410784.5468545
1567410784.7394102
1567410784.9391336
1567410785.239259
1567410785.4389617
1567410785.639303
1567410785.9412575
1567410786.1393826
1567410786.340905
1567410786.5407829
1567410786.8406808
1567410787.1410482
1567410787.4406302
1567410787.7407701
1567410787.9408534
1567410788.2402058
1567410788.5407305
1567410788.7399507
1567410789.0409365
1567410789.2403877
1567410789.5410225
1567410789.8405328
1567410790.1421275
1567410790.3437707
1567410790.5437493
1567410790.8437712
1567410791.1438947
1567410791.347018
1567410791.6465349
1567410791.9389188
1567410792.2390058
1567410792.4398234
1567410792.7384593
1567410793.0391262
1567410793.3388543
1567410793.6389279
1567410793.9392817
1567410794.3392682
1567410794.6388943
1567410794.9411967
1567410795.3407369
1567410795.6407959
1567410795.8405752
1567410796.0403366
1567410796.3402736
1567410796.5437181
1567410796.7437074
1567410796.9451034
1567410797.2448463
1567410797.4450247
1567410797.7465558
1567410797.9465568
1567410798.1465518
1567410798.3467848
1567410798.5469768
1567410798.8466489
1567410799.0466697
1567410799.2468319
1567410799.4468207
1567410799.6465182
1567410799.846674
1567410800.1468148
1567410800.3387959
1567410800.5391352
1567410800.7392695
1567410801.1392648
1567410801.3389723
1567410801.538852
1567410801.838732
1567410802.0389004
1567410802.2437391
1567410802.4430428
1567410802.6433547
1567410802.8436213
1567410803.0435681
1567410803.3431256
1567410803.543215
1567410803.8450782
1567410804.0452552
1567410804.2447271
1567410804.4446983
1567410804.6449959
1567410804.8388119
1567410805.2388432
1567410805.5389857
1567410805.738466
1567410805.9381058
1567410806.1403909
1567410806.3407958
1567410806.5408063
1567410806.740711
1567410806.9400835
1567410807.1419158
1567410807.3434739
1567410807.5434272
1567410807.7434442
1567410807.943424
1567410808.1438763
1567410808.3438156
1567410808.5436451
1567410808.8450224
1567410809.1452043
1567410809.3451421
1567410809.5453343
1567410809.7449868
1567410810.0452302
1567410810.2450895
1567410810.4444218
1567410810.7386005
1567410810.938556
1567410811.1393373
1567410811.3408246
1567410811.5409083
1567410811.8411539
1567410812.0407929
1567410812.2404978
1567410812.4404306
1567410812.6431584
1567410813.043643
1567410813.2436106
1567410813.343785
1567410813.5437663
1567410813.7436609
1567410813.8435404
1567410814.043535
1567410814.2435551
1567410814.4430625
1567410814.5438442
1567410814.7437663
1567410814.9436917
1567410815.043638
1567410815.24523
1567410815.4461663
1567410815.6466799
1567410815.7467127
1567410815.9384117
1567410816.1391208
1567410816.2390568
1567410816.6390398
1567410816.7389162
1567410816.9390402
1567410817.139415
1567410817.3390522
1567410817.639153
1567410817.8407316
1567410818.0404377
1567410818.3407598
1567410818.5452139
1567410818.7452559
1567410819.0466387
1567410819.2466443
1567410819.4466929
1567410819.6464078
1567410819.9467123
1567410820.3464882
1567410820.5387261
1567410820.7389009
1567410820.9390323
1567410821.1390302
1567410821.3387768
1567410821.5389647
1567410821.7390409
1567410821.9405818
1567410822.1407471
1567410822.3434498
1567410822.6435728
1567410822.8434191
1567410823.0435717
1567410823.2435367
1567410823.4436719
1567410823.6430948
1567410823.844871
1567410824.0447726
1567410824.2449718
1567410824.5454443
1567410824.745358
1567410824.9451096
1567410825.1448967
1567410825.3451915
1567410825.5389113
1567410825.7391441
1567410825.9389291
1567410826.2408974
1567410826.4405463
1567410826.6424584
1567410826.842119
1567410827.0419452
1567410827.2467051
1567410827.4386597
1567410827.6384444
1567410827.8387563
1567410828.0389071
1567410828.2388411
1567410828.5384018
1567410828.7386327
1567410829.0388162
1567410829.2386642
1567410829.4384
1567410829.6384308
1567410829.838691
1567410830.040206
1567410830.240371
1567410830.4405427
1567410830.6401973
1567410830.9400167
1567410831.1396091
1567410831.3407366
1567410831.6404161
1567410831.8408368
1567410832.0401323
1567410832.2401173
1567410832.540343
1567410832.7404349
1567410833.1444855
1567410833.3460419
1567410833.5460801
1567410833.7465048
1567410834.0463703
1567410834.2460246
1567410834.4462059
1567410834.6462507
1567410834.8462501
1567410835.0460768
1567410835.2461977
1567410835.4463282
1567410835.6458428
1567410835.8456576
1567410836.0457897
1567410836.2380171
1567410836.4380815
1567410836.6383042
1567410836.8384361
1567410837.0382383
1567410837.4381948
1567410837.6381133
1567410837.8382349
1567410838.0382929
1567410838.2385595
1567410838.4462552
1567410838.6459174
1567410838.8454046
1567410839.0460422
1567410839.2460923
1567410839.5384073
1567410839.7382808
1567410839.9383469
1567410840.137362
1567410840.3382328
1567410840.5381598
1567410840.8378406
1567410841.0378342
1567410841.2380135
1567410841.5379758
1567410841.9380112
1567410842.1381249
1567410842.3379061
1567410842.5379696
1567410842.7378898
1567410842.9382029
1567410843.1383462
1567410843.3379474
1567410843.5383346
1567410843.738251
1567410843.9381959
1567410844.1383123
1567410844.3395493
1567410844.5400243
1567410844.7397261
1567410845.0392201
1567410845.241194
1567410845.441292
1567410845.6413343
1567410845.8406205
1567410846.2424035
1567410846.4442387
1567410846.644608
1567410846.8438637
1567410847.0448012
1567410847.2457318
1567410847.4379289
1567410847.6397429
1567410847.8398247
1567410848.0419555
1567410848.2428701
1567410848.444428
1567410848.6443067
1567410848.8435395
1567410849.1460829
1567410849.3376703
1567410849.5387762
1567410849.7379282
1567410850.038501
1567410850.4384727
1567410850.6382029
1567410850.9382536
1567410851.1397762
1567410851.3400283
1567410851.5400987
1567410851.7400126
1567410851.9396684
1567410852.1397176
1567410852.3398578
1567410852.5398898
1567410852.7399671
1567410852.9393542
1567410853.1397967
1567410853.3398926
1567410853.5414894
1567410853.7410564
1567410853.9412162
1567410854.1428661
1567410854.5441804
1567410854.7454844
1567410855.1442549
1567410855.3445661
1567410855.5444393
1567410855.8455503
1567410856.0456536
1567410856.2380266
1567410856.4378512
1567410856.6378129
1567410856.8378978
1567410857.0382874
1567410857.2379966
1567410857.4377999
1567410857.6385024
1567410857.8384125
1567410858.0397043
1567410858.2395172
1567410858.6396232
1567410858.8414085
1567410859.041842
1567410859.3411274
1567410859.5400696
1567410859.740922
1567410859.9409983
1567410860.2408972
1567410860.4409442
1567410860.6411397
1567410860.8411078
1567410861.0406821
1567410861.2409706
1567410861.5406644
1567410861.7431831
1567410861.9430084
1567410862.1439519
1567410862.4440024
1567410862.8440154
1567410863.2454655
1567410863.6381407
1567410864.0381548
1567410864.4395819
1567410864.8397083
1567410865.2425747
1567410865.7458012
1567410866.1377106
1567410866.6377721
1567410867.039144
1567410867.5391476
1567410867.9394557
1567410868.3394876
1567410868.7425423
1567410869.1438284
1567410869.5431468
1567410869.9442656
1567410870.1441352
1567410870.344239
1567410870.5439963
1567410870.8453817
1567410871.1457572
1567410871.3377199
1567410871.5372121
1567410871.7373691
1567410871.9375529
1567410872.1375675
1567410872.4375453
1567410872.6376123
1567410872.8374944
1567410873.0370824
1567410873.2374942
1567410873.4376388
1567410873.7378809
1567410873.9375567
1567410874.1377921
1567410874.3376315
1567410874.5394263
1567410874.7392268
1567410874.9392095
1567410875.3438747
1567410875.5454273
1567410875.7454176
1567410875.9454646
1567410876.1379199
1567410876.4378014
1567410876.6374032
1567410876.8372431
1567410877.0373256
1567410877.2378409
1567410877.4391751
1567410877.7395113
1567410877.9393792
1567410878.1394374
1567410878.3376305
1567410878.5375886
1567410878.7376513
1567410879.0372849
1567410879.2374787
1567410879.4393284
1567410879.8393805
1567410880.0384274
1567410880.239023
1567410880.4392033
1567410880.6396415
1567410880.9421666
1567410881.1419792
1567410881.4423625
1567410881.6424527
1567410881.8423049
1567410882.042239
1567410882.3418899
1567410882.5420845
1567410882.7417812
1567410883.0425053
1567410883.3423264
1567410883.5377502
1567410883.7383635
1567410884.0394363
1567410884.2391317
1567410884.6391542
1567410884.9408407
1567410885.1408203
1567410885.4406905
1567410885.6404784
1567410885.9426365
1567410886.1422698
1567410886.3423295
1567410886.6423948
1567410886.842505
1567410887.1425014
1567410887.5420747
1567410887.8422811
1567410888.2415705
1567410888.5426331
1567410888.742151
1567410889.041822
1567410889.2415783
1567410889.6424773
1567410889.842041
1567410890.1419933
1567410890.3420796
1567410890.6420681
1567410890.8422031
1567410891.1423423
1567410891.4424508
1567410891.6422894
1567410891.942044
1567410892.142072
1567410892.4423051
1567410892.6418531
1567410892.9421124
1567410893.1422179
1567410893.4415576
1567410893.6431184
1567410893.8449216
1567410894.1448503
1567410894.3372188
1567410894.7372057
1567410895.0370886
1567410895.2387817
1567410895.5391471
1567410895.7388155
1567410895.9386261
1567410896.2387106
1567410896.4388103
1567410896.6449807
1567410896.9449847
1567410897.2448704
1567410897.5373375
1567410897.836936
1567410898.1370943
1567410898.337342
1567410898.6371
1567410898.9371355
1567410899.2371767
1567410899.4370024
1567410899.7368131
1567410900.2369771
1567410900.4367239
1567410900.7368407
1567410901.0372758
1567410901.3372104
1567410901.6375868
1567410901.8372986
1567410902.1374805
1567410902.4382441
1567410902.6403775
1567410903.0406122
1567410903.2405357
1567410903.5406456
1567410903.7420051
1567410903.9421217
1567410904.1424837
1567410904.343786
1567410904.6433914
1567410904.8444774
1567410905.0448849
1567410905.4448879
1567410905.6372833
1567410905.8369262
1567410906.0370233
1567410906.3370929
1567410906.5369391
1567410906.7370312
1567410906.9375634
1567410907.2373495
1567410907.4368341
1567410907.6374471
1567410907.8386509
1567410908.1401546
1567410908.3400779
1567410908.5403433
1567410908.8408422
1567410909.0422382
1567410909.2420626
1567410909.5420325
1567410909.7438366
1567410910.1436825
1567410910.343601
1567410910.5434899
1567410910.8435946
1567410911.0432465
1567410911.2431827
1567410911.4432893
1567410911.6449726
1567410911.8451309
1567410912.037322
1567410912.3373966
1567410912.6377149
1567410912.8374028
1567410913.0372229
1567410913.2373238
1567410913.4372189
1567410913.637677
1567410913.837182
1567410914.0373304
1567410914.4373868
1567410914.6388717
1567410914.8388422
1567410915.0386896
1567410915.2388504
1567410915.4389515
1567410915.6388798
1567410915.8367562
1567410916.0367484
1567410916.2371624
1567410916.4367225
1567410916.6371312
1567410916.8371313
1567410917.0374472
1567410917.237371
1567410917.4389701
1567410917.741982
1567410917.9418962
1567410918.1413937
1567410918.3435106
1567410918.743247
1567410918.9445827
1567410919.3366606
1567410919.5369344
1567410919.7372127
1567410919.9374495
1567410920.138339
1567410920.3387694
1567410920.5387018
1567410920.7388396
1567410920.9386055
1567410921.1384838
1567410921.3390167
1567410921.5389075
1567410921.7387321
1567410921.9386337
1567410922.2385588
1567410922.4384642
1567410922.7381907
1567410923.040446
1567410923.3402898
1567410923.5396993
1567410923.7415941
1567410923.941746
