1624254615.786958
1624254623.9842134
1624254624.9845772
1624254625.7874563
1624254626.583811
1624254627.5834994
1624254628.582751
1624254629.7849226
1624254630.9815195
1624254632.1866488
1624254632.9863024
1624254633.5872917
1624254633.9845631
1624254634.3850446
1624254634.7852564
1624254635.1819339
1624254635.5830975
1624254635.9838107
1624254636.3821425
1624254636.7842689
1624254636.9865885
1624254637.1834493
1624254637.384156
1624254637.5814819
1624254637.7843702
1624254637.9828012
1624254638.1810963
1624254638.3818626
1624254638.5871446
1624254638.7829363
1624254638.984935
1624254639.1822944
1624254639.3854544
1624254639.5821505
1624254639.7811313
1624254639.982193
1624254640.1866283
1624254640.3824832
1624254640.5872142
1624254640.7827892
1624254640.9844944
1624254641.1849098
1624254641.3813746
1624254641.5844102
1624254641.7827229
1624254641.9845493
1624254642.1806786
1624254642.3818552
1624254642.5822744
1624254642.7833722
1624254642.9808798
1624254643.1821852
1624254643.3870535
1624254643.5834458
1624254643.780905
1624254643.9841175
1624254644.1814582
1624254644.3860004
1624254644.5804493
1624254644.7836199
1624254644.9855471
1624254645.1820276
1624254645.3821013
1624254645.5828652
1624254645.780551
1624254645.9814081
1624254646.1805966
1624254646.3834083
1624254646.5817485
1624254646.7829604
1624254646.9810934
1624254647.1806207
1624254647.3806539
1624254647.5802662
1624254647.7833233
1624254647.9805846
1624254648.1822302
1624254648.381875
1624254648.58003
1624254648.7819011
1624254648.9811292
1624254649.1815953
1624254649.3827589
1624254649.5840549
1624254649.7846084
1624254649.98364
1624254650.1796908
1624254650.380054
1624254650.5818913
1624254650.7806988
1624254650.981498
1624254651.1832294
1624254651.3829954
1624254651.5836873
1624254651.7799361
1624254651.9809961
1624254652.1856217
1624254652.3814301
1624254652.5799701
1624254652.7808292
1624254652.9834282
1624254653.183744
1624254653.3795238
1624254653.5815544
1624254653.7863219
1624254653.982209
1624254654.1832597
1624254654.3835881
1624254654.5845525
1624254654.7831538
1624254654.9816368
1624254655.1834528
1624254655.3827281
1624254655.5796187
1624254655.7801104
1624254655.9816589
1624254656.1842442
1624254656.3815262
1624254656.5833833
1624254656.7841172
1624254656.9856584
1624254657.1824462
1624254657.3824005
1624254657.5813134
1624254657.7857933
1624254657.9816813
1624254658.1807978
1624254658.3810663
1624254658.5846775
1624254658.7811899
1624254658.9800649
1624254659.1849301
1624254659.3847885
1624254659.5827458
1624254659.781965
1624254659.9806528
1624254660.1810303
1624254660.38076
1624254660.5793843
1624254660.7796736
1624254660.9804654
1624254661.1824589
1624254661.3794827
1624254661.584902
1624254661.7832286
1624254661.9828534
1624254662.1807814
1624254662.3835759
1624254662.5809011
1624254662.7817683
1624254663.1815491
1624254663.5812097
1624254663.9800303
1624254664.3804855
1624254664.7941213
1624254665.1801455
1624254665.5788133
1624254665.9792671
1624254666.3790896
1624254666.778779
1624254667.1789083
1624254667.3820899
1624254667.5801229
1624254667.778321
1624254667.9827795
1624254668.1792128
1624254668.3832958
1624254668.5798767
1624254668.780555
1624254668.981184
1624254669.1807153
1624254669.3796988
1624254669.5795307
1624254669.7816598
1624254669.9807734
1624254670.1799347
1624254670.3789258
1624254670.5808642
1624254670.9804282
1624254671.3794544
1624254671.7782669
1624254672.1838129
1624254672.5778162
1624254672.9806654
1624254673.3806088
1624254673.7810924
1624254674.1797013
1624254674.5826304
1624254675.1795273
1624254675.7813013
1624254676.5801425
1624254677.377876
1624254678.1782241
1624254678.7785475
1624254679.3811438
1624254679.9791186
1624254680.580771
1624254681.1807325
1624254681.7829154
1624254682.180356
1624254682.5847929
1624254682.9795768
1624254683.3801913
1624254683.7779226
1624254684.1796732
1624254684.578366
1624254684.9815819
1624254685.3781378
1624254685.7797508
1624254686.1781332
1624254686.5789189
1624254686.9781988
1624254687.3818107
1624254687.7782133
1624254688.1827235
1624254688.5790358
1624254688.9832637
1624254689.3803437
1624254689.7811744
1624254690.1774862
1624254690.5798566
1624254690.9773109
1624254691.3804646
1624254691.778583
1624254692.1841862
1624254692.5802696
1624254692.9807742
1624254693.3787351
1624254693.7796166
1624254694.1770418
1624254694.5806527
1624254694.9793868
1624254695.382431
1624254695.776643
1624254696.1810541
1624254696.5771484
1624254696.9817557
1624254697.3782077
1624254697.7797527
1624254698.1774354
1624254698.5778282
1624254698.9782043
1624254699.3784511
1624254699.7764795
1624254700.1825583
1624254700.5792553
1624254700.9772229
1624254701.3758054
1624254701.7790394
1624254702.1783519
1624254702.5774858
1624254702.9770975
1624254703.3827116
1624254703.7787354
1624254704.1777077
1624254704.5770488
1624254704.9781187
1624254705.3762448
1624254705.7788932
1624254706.1773655
1624254706.5795398
1624254706.9778137
1624254707.3804862
1624254707.777312
1624254708.1760049
1624254708.5772049
1624254708.9767754
1624254709.3756371
1624254709.7771907
1624254710.175647
1624254710.5792511
1624254710.9758244
1624254711.3803275
1624254711.7776351
1624254712.1760645
1624254712.5787404
1624254712.9783564
1624254713.3767869
1624254713.7792294
1624254714.3755558
1624254714.7757742
1624254715.1793783
1624254715.57937
1624254715.9795687
1624254716.3793225
1624254716.7758298
1624254717.1773632
1624254717.5765069
1624254717.9777589
1624254718.3765368
1624254718.7783053
1624254719.1768661
1624254719.5767066
1624254719.9757118
1624254720.3776457
1624254720.7769725
1624254721.1810186
1624254721.5750797
1624254721.9777308
1624254722.3762417
1624254722.7775936
1624254723.1757817
1624254723.5799408
1624254723.9751101
1624254724.3758748
1624254724.7790816
1624254725.1753342
1624254725.5745988
1624254725.9767067
1624254726.3750381
1624254726.7753644
1624254727.1749167
1624254727.5754206
1624254727.9744828
1624254728.3796074
1624254728.7756147
1624254729.1792567
1624254729.5741546
1624254729.975847
1624254730.3789847
1624254730.7780397
1624254731.1742411
1624254731.5791881
1624254731.9758418
1624254732.3752518
1624254732.7751598
1624254733.1800768
1624254733.5754557
1624254733.9774401
1624254734.3736708
1624254734.7801764
1624254735.1755159
1624254735.5767727
1624254735.9777503
1624254736.3784244
1624254736.7744265
1624254737.1764615
1624254737.5793624
1624254737.9753668
1624254738.3767412
1624254738.7769182
1624254739.1734302
1624254739.5761397
1624254739.973664
1624254740.3758836
1624254740.7755997
1624254741.1761885
1624254741.5747845
1624254741.9781017
1624254742.374033
1624254742.7750788
1624254743.176811
1624254743.5770273
1624254743.9747624
1624254744.3757489
1624254744.7733052
1624254745.1765919
1624254745.5738864
1624254745.9777224
1624254746.3749919
1624254746.774049
1624254747.1732862
1624254747.5762029
1624254747.9731421
1624254748.374465
1624254748.7732515
1624254749.1762483
1624254749.5760477
1624254749.9756498
1624254750.3741298
1624254750.774611
1624254751.1759052
1624254751.5741558
1624254751.9745357
1624254752.3740253
1624254752.7725904
1624254753.1748867
1624254753.5744979
1624254753.9741294
1624254754.3746841
1624254754.7758677
1624254755.1721697
1624254755.5735848
1624254755.9727755
1624254756.3761961
1624254756.7744606
1624254757.1746716
1624254757.5721092
1624254757.9744604
1624254758.3727231
1624254758.7769067
1624254759.3742001
1624254759.9729602
1624254760.7711973
1624254761.5735338
1624254762.5736094
1624254763.5742838
1624254764.1722188
1624254764.5730414
1624254764.9759352
1624254765.3719683
1624254765.772212
1624254766.1722233
1624254766.5714791
1624254766.9747975
1624254767.3754122
1624254767.7732077
1624254768.1739833
1624254768.5709932
1624254768.9724391
1624254769.3728349
1624254769.7717941
1624254770.1711733
1624254770.5753627
1624254770.9726875
1624254771.3710065
1624254771.7710567
1624254772.1709309
1624254772.5744529
1624254772.9722381
1624254773.3710873
1624254773.7715747
1624254774.173713
1624254774.5706844
1624254774.9708912
1624254775.3713295
1624254775.770426
1624254776.174849
1624254776.5732157
1624254776.9701378
1624254777.3707368
1624254777.770771
1624254778.1698167
1624254778.5738733
1624254778.9737222
1624254779.3696053
1624254779.7734604
1624254780.1714909
1624254780.5731034
1624254780.9706047
1624254781.3700466
1624254781.7693517
1624254782.183759
1624254782.5709157
1624254782.9692166
1624254783.3711803
1624254783.7699199
1624254784.3736176
1624254785.1730011
1624254785.9711215
1624254786.5716393
1624254787.169843
1624254787.7693367
1624254788.3734052
1624254788.9734941
1624254789.5742719
1624254789.970382
1624254790.3723259
1624254790.7707136
1624254791.1690884
1624254791.5719059
1624254791.9697609
1624254792.374855
1624254792.7719436
1624254793.1708484
1624254793.5691953
1624254793.9715974
1624254794.3691921
1624254794.770988
1624254795.168335
1624254795.5738721
1624254795.9708354
1624254796.3811762
1624254796.771858
1624254797.1705198
1624254797.5704718
1624254797.9693065
1624254798.3681786
1624254798.7728484
1624254799.1709509
1624254799.5703404
1624254799.9683106
1624254800.3735402
1624254800.770009
1624254801.1686049
1624254801.5714595
1624254801.9708776
1624254802.3683643
1624254802.7703025
1624254803.1724107
1624254803.5709136
1624254803.9680114
1624254804.3701282
1624254804.5708983
1624254804.7703104
1624254804.9697051
1624254805.1723084
1624254805.3680887
1624254805.5673058
1624254805.7702358
1624254805.9774959
1624254806.1690886
1624254806.3691263
1624254806.5712609
1624254806.773556
1624254806.9722092
1624254807.1681187
1624254807.3667686
1624254807.5681996
1624254807.7710414
1624254807.968204
1624254808.1707535
1624254808.367475
1624254808.5688722
1624254808.7698951
1624254808.9673164
1624254809.1702995
1624254809.3692307
1624254809.5680714
1624254809.7712209
1624254809.9688668
1624254810.1704633
1624254810.3673308
1624254810.56704
1624254810.7712233
1624254810.969398
1624254811.1690936
1624254811.3682919
1624254811.5679839
1624254811.7698517
1624254811.9681773
1624254812.1688104
1624254812.3691902
1624254812.5692296
1624254812.7683229
1624254812.968518
1624254813.167649
1624254813.3716214
1624254813.5675776
1624254813.7681603
1624254813.9692376
1624254814.1696825
1624254814.3708963
1624254814.5678768
1624254814.7690778
1624254814.9696867
1624254815.1669378
1624254815.3668051
1624254815.5674009
1624254815.7703612
1624254815.967164
1624254816.1682477
1624254816.3672681
1624254816.5796072
1624254816.767966
1624254816.9664395
1624254817.1695821
1624254817.3691483
1624254817.5679021
1624254817.769527
1624254817.9702241
1624254818.167902
1624254818.3678975
1624254818.5665181
1624254818.7710905
1624254818.9687552
1624254819.1693208
1624254819.3658772
1624254819.5678563
1624254819.7709651
1624254819.9675269
1624254820.1659768
1624254820.366148
1624254820.5675263
1624254820.7687647
1624254820.9659255
1624254821.1682901
1624254821.3697293
1624254821.5669234
1624254821.7670159
1624254821.970063
1624254822.1689291
1624254822.3683505
1624254822.5673132
1624254822.7699137
1624254822.9680181
1624254823.1671109
1624254823.3673968
1624254823.5702071
1624254823.7686162
1624254823.9692192
1624254824.1655457
1624254824.3670466
1624254824.569407
1624254824.7653201
1624254824.9653466
1624254825.1705637
1624254825.3683047
1624254825.5682073
1624254825.767097
1624254825.9677944
1624254826.1678553
1624254826.3667195
1624254826.5677221
1624254826.7697756
1624254826.9708755
1624254827.1660199
1624254827.366971
1624254827.5671341
1624254827.7692959
1624254827.9665849
1624254828.1665471
1624254828.368042
1624254828.5716968
1624254828.7656715
1624254828.965759
1624254829.1667368
1624254829.368037
1624254829.5674241
1624254829.7654967
1624254829.9682469
1624254830.1656759
1624254830.3668954
1624254830.5644603
1624254830.765487
1624254830.9679198
1624254831.1684983
1624254831.3648121
1624254831.5698099
1624254831.767271
1624254831.9686241
1624254832.1654451
1624254832.3678675
1624254832.567836
1624254832.7672942
1624254832.9645197
1624254833.1659942
1624254833.3674412
1624254833.5678492
1624254833.7660055
1624254833.9675844
1624254834.1664176
1624254834.3678505
1624254834.564558
1624254834.7668233
1624254834.9709196
1624254835.1681576
1624254835.3673623
1624254835.5650456
1624254835.7664821
1624254835.9668891
1624254836.166692
1624254836.3643312
1624254836.5656366
1624254836.7679284
1624254836.9639785
1624254837.1673598
1624254837.3684304
1624254837.5648298
1624254837.9663556
1624254838.3679919
1624254838.7645252
1624254839.1659946
1624254839.5676794
1624254839.9671721
1624254840.3645389
1624254840.7644224
1624254841.1656194
1624254841.56758
1624254841.9649072
1624254842.3659508
1624254842.764837
1624254843.16624
1624254843.5639555
1624254843.7659264
1624254843.9664567
1624254844.1651042
1624254844.3649836
1624254844.5669689
1624254844.7655008
1624254844.9634318
1624254845.1655133
1624254845.3689752
1624254845.5648034
1624254845.7663889
1624254845.9638374
1624254846.1683714
1624254846.3637006
1624254846.5619323
1624254846.7637804
1624254846.9662988
1624254847.1658046
1624254847.3644824
1624254847.5633209
1624254847.7645693
1624254847.9670365
1624254848.1636536
1624254848.363807
1624254848.5653274
1624254848.7670991
1624254848.9627519
1624254849.164711
1624254849.3667836
1624254849.5637984
1624254849.7625754
1624254849.9631553
1624254850.1647196
1624254850.3663478
1624254850.5652924
1624254850.7638726
1624254850.9671774
1624254851.1636295
1624254851.3663642
1624254851.5632453
1624254851.7668252
1624254851.9638207
1624254852.1642418
1624254852.3684173
1624254852.5651033
1624254852.7646227
1624254852.9635961
1624254853.1630466
1624254853.3680909
1624254853.5639026
1624254853.7640738
1624254853.9648702
1624254854.1646688
1624254854.3659382
1624254854.5650821
1624254854.7644227
1624254854.9627821
1624254855.3644147
1624254855.7654383
1624254856.1623158
1624254856.563899
1624254856.9646242
1624254857.5630763
1624254858.167767
1624254858.760987
1624254859.3642008
1624254859.9638128
1624254860.5629528
1624254861.160794
1624254861.564857
1624254861.9615028
1624254862.3654637
1624254862.7605512
1624254863.1632206
1624254863.576849
1624254863.9624932
1624254864.3625462
1624254864.762233
1624254865.1616256
1624254865.5635641
1624254865.9632833
1624254866.3628528
1624254866.7617204
1624254867.1619906
1624254867.5638578
1624254867.9653015
1624254868.3659074
1624254868.7658894
1624254869.163424
1624254869.5646265
1624254869.9617183
1624254870.361454
1624254870.7622421
1624254871.164685
1624254871.5608659
1624254871.9602301
1624254872.3627899
1624254872.7607858
1624254873.1612399
1624254873.5630071
1624254873.9588864
1624254874.3640592
1624254874.7610793
1624254875.1596951
1624254875.5623629
1624254875.9607756
1624254876.3602245
1624254876.7608566
1624254877.161067
1624254877.5621672
1624254877.7619624
1624254878.1649954
1624254878.5627782
1624254878.759414
1624254878.9626429
1624254879.1606312
1624254879.3598309
1624254879.5589285
1624254879.7623887
1624254879.9603508
1624254880.1584599
1624254880.3587303
1624254880.5605841
1624254880.7652068
1624254881.159533
1624254881.5607371
1624254881.9588203
1624254882.3603907
1624254882.7578149
1624254883.1589735
1624254883.5619082
1624254883.962801
1624254884.3619115
1624254884.7600861
1624254885.1582429
1624254885.5626483
1624254885.9601319
1624254886.3598745
1624254886.7582419
1624254887.1601551
1624254887.5580552
1624254887.962728
1624254888.3584394
1624254888.7632377
1624254889.1589873
1624254889.5603976
1624254889.9573884
1624254890.3629763
1624254890.7588646
1624254891.1607714
1624254891.7570333
1624254892.3600168
1624254893.1600928
1624254893.7598481
1624254894.3585331
1624254894.7565637
1624254895.1607692
1624254895.559263
1624254895.9596677
1624254896.3561358
1624254896.7621956
1624254897.1599958
1624254897.5578265
1624254897.9565187
1624254898.3607874
1624254898.7578626
1624254899.1618574
1624254899.5601673
1624254899.9614155
1624254900.3600967
1624254900.757668
1624254901.1566401
1624254901.5585697
1624254901.9570205
1624254902.3584483
1624254902.7618577
1624254903.1606004
1624254903.5573781
1624254903.9616404
1624254904.3577139
1624254904.7581818
1624254905.1566498
1624254905.5577307
1624254905.9559586
1624254906.3572302
1624254906.7581308
1624254907.1595275
1624254907.5558965
1624254907.957087
1624254908.359391
1624254908.7567053
1624254909.1556702
1624254909.5582786
1624254909.9558451
1624254910.3569348
1624254910.7603507
1624254911.156343
1624254911.5560896
1624254911.956219
1624254912.3583679
1624254912.7572229
1624254913.1550908
1624254913.5566916
1624254913.9551797
1624254914.3567002
1624254914.7546091
1624254915.158102
1624254915.5556633
1624254915.9558897
1624254916.3546164
1624254916.7553229
1624254917.1542706
1624254917.3567221
1624254917.5595963
1624254917.7560687
1624254917.9543574
1624254918.1575344
1624254918.3554819
1624254918.558521
1624254918.9573858
1624254919.3554194
1624254919.758466
1624254920.1566288
1624254920.5561056
1624254920.9554265
1624254921.3594706
1624254921.7566273
1624254922.1557717
1624254922.5563316
1624254922.9547219
1624254923.3599811
1624254923.7578876
1624254924.1564884
1624254924.5596418
1624254925.1540871
1624254925.7545781
1624254926.3544919
1624254926.9551623
1624254927.3551733
1624254927.7588179
1624254928.1573334
1624254928.5557687
1624254928.9559624
1624254929.3550591
1624254929.7550581
1624254930.1580129
1624254930.5575464
1624254930.9565508
1624254931.3559649
1624254931.7559547
1624254932.1557853
1624254932.5556872
1624254932.9582665
1624254933.3591716
1624254933.8556449
1624254934.2553575
1624254934.6538649
1624254935.0543361
1624254935.4578497
1624254935.8570991
1624254936.2543554
1624254936.6556246
1624254937.0545888
1624254937.4550486
1624254937.8574235
1624254938.2550538
1624254938.8551526
1624254939.8582525
1624254941.2541311
1624254942.6552889
1624254943.6565526
1624254944.8564336
1624254948.4541345
1624254949.2542818
1624254949.6573803
1624254950.0549252
1624254950.4574471
1624254950.8533092
1624254951.3566515
1624254951.7548578
1624254952.2556047
1624254952.6564152
1624254952.855845
1624254953.053982
1624254953.2567217
1624254953.4573202
1624254953.8542807
1624254954.1557813
1624254954.5554712
1624254954.8572338
1624254955.0582898
1624254955.3530684
1624254955.6532195
1624254955.9546051
1624254956.2545815
1624254956.5552213
1624254956.9577348
1624254957.2553337
1624254957.5573499
1624254957.8551652
1624254958.1542253
1624254958.3552544
1624254958.5562925
1624254958.954778
1624254959.3549073
1624254959.5560172
1624254959.858582
1624254960.156702
1624254960.353688
1624254960.5554428
1624254960.8569353
1624254961.1529412
1624254961.4544764
1624254961.8553424
1624254962.2559228
1624254962.5547311
1624254962.8551223
1624254963.254945
1624254963.653574
1624254964.0569427
1624254964.457557
1624254965.2569838
1624254965.7575383
1624254966.0530441
1624254966.4586413
1624254967.1568
1624254967.9562128
1624254968.5550382
1624254969.3581111
1624254970.1577079
1624254971.1557965
1624254971.7542539
1624254972.2537193
1624254972.757709
1624254973.1550093
1624254973.4574704
1624254973.856972
1624254974.5557256
1624254975.0553613
1624254975.5542762
1624254976.0579259
1624254976.5556908
1624254977.0538173
1624254977.4572859
1624254977.9545946
1624254978.6552453
1624254979.7555325
1624254980.4607663
1624254981.2529316
1624254981.8563194
1624254982.2532234
1624254982.6543274
1624254983.0553582
1624254983.4526649
1624254983.8529949
1624254984.25261
1624254984.5538757
1624254984.8532403
1624254985.1573174
1624254985.4542282
1624254985.7542222
1624254986.2528362
1624254987.0529175
1624254988.0558414
1624254989.9520829
1624254993.5548177
1624254994.1522019
1624254995.2558682
1624254995.9549265
1624254996.5526729
1624254996.9536006
1624254997.4534614
1624254997.8517947
1624254998.1534524
1624254998.4578781
1624254998.9521384
1624254999.2573922
1624254999.5513003
1624255000.0554032
1624255000.3519471
1624255000.6558778
1624255001.0540884
1624255001.6526916
1624255002.2542889
1624255002.7524624
1624255003.4543006
1624255003.9657474
1624255004.6527519
1624255005.1511602
1624255005.8542001
1624255006.5555904
1624255007.1525705
1624255007.854413
1624255008.350457
1624255008.8550546
1624255009.251034
1624255009.6550031
1624255010.0533402
1624255010.4522069
1624255010.8505735
1624255011.2565579
1624255011.6514025
1624255012.0533171
1624255012.452189
1624255012.9519596
1624255013.3502955
1624255013.8522253
1624255014.2554026
1624255014.6522996
1624255015.0518894
1624255015.4517598
1624255015.8521323
1624255016.2511611
1624255016.6528332
1624255017.0510817
1624255017.4539793
1624255017.8511705
1624255018.2517531
1624255018.6516595
1624255019.0537484
1624255019.4513831
1624255019.8515251
1624255020.251452
1624255020.6537943
1624255021.0524328
1624255021.4513168
1624255021.8516076
1624255022.4509718
1624255023.0509784
1624255023.6509583
1624255024.2512662
1624255024.856483
1624255025.4515524
1624255025.8512499
1624255026.2511601
1624255026.6530788
1624255027.0535674
1624255027.4514749
1624255027.8517892
1624255028.2535925
1624255028.6510491
1624255029.1513574
1624255029.5519872
1624255029.951262
1624255030.3546965
1624255030.7542026
1624255031.1503894
1624255031.5502491
1624255031.9495986
1624255032.3514087
1624255032.7540624
1624255033.149739
1624255033.5649979
1624255033.950969
1624255034.3510802
1624255034.7491293
1624255035.152035
1624255035.5491798
1624255035.9518828
1624255036.3490114
1624255036.7534087
1624255037.1501298
1624255037.552603
1624255037.9509509
1624255038.3501961
1624255038.749651
1624255039.1528046
1624255039.5499694
1624255039.9537208
1624255040.3503447
1624255040.7502768
1624255041.1496401
1624255041.5495667
1624255041.9493594
1624255042.3516648
1624255042.7524292
1624255043.1509323
1624255043.5497332
1624255043.951906
1624255044.3518105
1624255044.7508321
1624255045.150583
1624255045.553256
1624255045.951859
1624255046.5513864
1624255047.1509733
1624255047.8506243
1624255048.550113
1624255049.4491699
1624255050.4517808
1624255051.1510077
1624255051.8498585
1624255052.3495617
1624255052.8527803
1624255053.2497778
1624255053.7532997
1624255054.051378
1624255054.4535892
1624255054.9509106
1624255055.453577
1624255055.7491381
1624255056.04864
1624255056.3497517
1624255056.652066
1624255056.9511807
1624255057.4496655
1624255057.7493634
1624255058.0503953
1624255058.3507979
1624255058.7496612
1624255059.0520828
1624255059.3523734
1624255059.6488848
1624255060.1505475
1624255060.4502428
1624255060.7515888
1624255061.0496371
1624255061.4488893
1624255061.7502058
1624255062.248884
1624255062.649318
1624255062.9505651
1624255063.4500647
1624255063.848752
1624255064.1519756
1624255064.5499887
1624255064.9484806
1624255065.3505578
1624255065.7520857
1624255066.1506405
1624255066.5525765
1624255066.9515367
1624255067.3519409
1624255067.7493677
1624255068.148447
1624255068.5502937
1624255068.9499114
1624255069.3482563
1624255069.7488198
1624255070.1493504
1624255070.5502636
1624255070.9480352
1624255071.3484888
1624255071.7480576
1624255072.1477709
1624255072.5482681
1624255072.9483285
1624255073.3496013
1624255073.7515416
1624255074.1486197
1624255074.547477
1624255075.1467202
1624255075.7480805
1624255076.3493712
1624255076.9486709
1624255077.7476172
1624255078.7512558
1624255080.1467867
1624255080.9505928
1624255081.5501792
1624255082.1491051
1624255082.7485843
1624255083.1488295
1624255083.5488322
1624255083.9489391
1624255084.3474908
1624255084.7470572
1624255085.1472361
1624255085.5496035
1624255085.9480762
1624255086.3465638
1624255086.7469883
1624255087.1475487
1624255087.5473404
1624255087.7490273
1624255088.1460502
1624255088.3486128
1624255088.5465817
1624255088.7486897
1624255088.9464524
1624255089.1491976
1624255089.3464334
1624255089.5492642
1624255089.749918
1624255089.9477232
1624255090.1499987
1624255090.3466053
1624255090.5501597
1624255090.7484803
1624255090.9515479
1624255091.1465719
1624255091.349288
1624255091.5486112
1624255091.7484665
1624255091.9512153
1624255092.1488671
1624255092.3471103
1624255092.5496237
1624255092.7465963
1624255092.95155
1624255093.1497893
1624255093.3510909
1624255093.5481474
1624255093.7519143
1624255093.9483385
1624255094.1496761
1624255094.3478444
1624255094.5480211
1624255094.7498069
1624255094.9443629
1624255095.1468182
1624255095.345463
1624255095.5488355
1624255095.7483389
1624255096.044265
1624255096.3503761
1624255096.5444286
1624255096.7476392
1624255097.0481367
1624255097.2463593
1624255097.4441185
1624255097.6472383
1624255097.8482661
1624255098.0456226
1624255098.2498386
1624255098.4456675
1624255098.7460876
1624255099.2454114
1624255099.6436772
1624255099.844012
1624255100.0459821
1624255100.2584238
1624255100.4456031
1624255100.6433828
1624255100.8442054
1624255101.0483811
1624255101.2439463
1624255101.6451149
1624255102.045306
1624255102.4450288
1624255102.8447552
1624255103.2444232
1624255103.6464911
1624255104.0462992
1624255104.443383
1624255104.8467953
1624255105.2450333
1624255105.6448736
1624255106.0450635
1624255106.4439342
1624255106.8462913
1624255107.2444842
1624255107.8434415
1624255108.4446082
1624255109.0448253
1624255109.6439655
1624255110.2504849
1624255110.8468242
1624255111.2468631
1624255111.6445687
1624255112.0441372
1624255112.4464195
1624255112.8444912
1624255113.2443018
1624255113.6446095
1624255114.0439911
1624255114.2432914
1624255114.4440811
1624255114.6488564
1624255114.8431916
1624255115.0446417
1624255115.2433248
1624255115.4447331
1624255115.6474917
1624255115.8432157
1624255116.0434217
1624255116.2463729
1624255116.4433603
1624255116.642863
1624255116.8434896
1624255117.0467851
1624255117.243103
1624255117.4430583
1624255117.6435568
1624255117.8482208
1624255118.0445271
1624255118.2429163
1624255118.444978
1624255118.6462326
1624255118.843899
1624255119.2439344
1624255119.643887
1624255120.0438254
1624255120.4432847
1624255120.8443952
1624255121.2431579
1624255121.6455581
1624255122.0443051
1624255122.445142
1624255122.8449371
1624255123.2469289
1624255123.6432111
1624255124.0443773
1624255124.4439888
1624255124.8450463
1624255125.2479551
1624255125.6445968
1624255126.0446987
1624255126.4469717
1624255126.8450115
1624255127.2440798
1624255127.6433911
1624255128.0433908
1624255128.4425807
1624255128.8473108
1624255129.2448721
1624255129.6447427
1624255130.0442576
1624255130.4439378
1624255130.9424183
1624255131.3479593
1624255131.8433735
1624255132.3467045
1624255133.0478449
1624255133.5422494
1624255134.1414018
1624255134.6480601
1624255134.9433312
1624255135.3454702
1624255135.6421876
1624255136.1440761
1624255136.5434299
1624255136.8448441
1624255137.3439889
1624255137.7455151
1624255138.0459704
1624255138.4440272
1624255138.9425948
1624255139.4465382
1624255139.8431191
1624255140.1455393
1624255140.6459904
1624255141.1434498
1624255141.7452834
1624255142.3431876
1624255142.8414607
1624255143.341645
1624255144.1441534
1624255145.0427375
1624255145.9435115
1624255146.6455035
1624255147.2443213
1624255147.64516
1624255148.1445897
1624255148.6419423
1624255148.9447341
1624255149.3441386
1624255149.6453621
1624255150.1423395
1624255150.5445831
1624255150.9426656
1624255151.4434924
1624255151.6432688
1624255151.8429277
1624255152.0444198
1624255152.2440236
1624255152.4455199
1624255152.741858
1624255152.9429646
1624255153.1469715
1624255153.4416173
1624255153.6428542
1624255154.0447536
1624255154.2422984
1624255154.5444713
1624255154.7426152
1624255154.9429984
1624255155.1402767
1624255155.3422468
1624255155.5468469
1624255155.7422419
1624255155.9419916
1624255156.1446772
1624255156.4430549
1624255156.6434162
1624255156.8450933
1624255157.0436983
1624255157.442714
1624255157.6431601
1624255157.8466942
1624255158.0433981
1624255158.2415826
1624255158.4416103
1624255158.6467888
1624255158.8434887
1624255159.0430737
1624255159.3451686
1624255159.5426638
1624255159.7416661
1624255159.9428406
1624255160.1446426
1624255160.3428028
1624255160.5447438
1624255160.7408912
1624255160.9450445
1624255161.1428392
1624255161.3461101
1624255161.5412331
1624255161.7456818
1624255161.9433022
1624255162.1441379
1624255162.3437548
1624255162.5430689
1624255162.7458532
1624255162.9437692
1624255163.1412728
1624255163.4451199
1624255163.8429244
1624255164.1436164
1624255164.4434416
1624255164.8407753
1624255165.4438477
1624255166.1448967
1624255166.9414406
1624255167.5424397
1624255168.2459254
1624255169.0431564
1624255169.6438708
1624255170.4419389
1624255171.1404626
1624255171.8401482
1624255172.5431588
1624255173.1423106
1624255173.7442033
1624255174.2402284
1624255174.6416597
1624255175.1425314
1624255175.5439467
1624255175.9393899
1624255176.3422759
1624255176.7398047
1624255177.1406686
1624255177.5390043
1624255177.9430916
1624255178.3384819
1624255178.7426615
1624255179.1381662
1624255179.5416596
1624255179.9389815
1624255180.3399594
1624255180.7382789
1624255181.1415625
1624255181.5406225
1624255181.9437561
1624255182.3397536
1624255182.742898
1624255183.1400242
1624255183.5422003
1624255184.0413713
1624255184.4437659
1624255184.8415568
1624255185.2421544
1624255185.6409032
1624255186.0403905
1624255186.4387488
1624255186.8438458
1624255187.2378137
1624255187.6414728
1624255188.0398829
1624255188.4423609
1624255188.8427851
1624255189.2399468
1624255189.6397851
1624255190.0439234
1624255190.4406164
1624255190.8402977
1624255191.2379682
1624255191.6414871
1624255192.0368841
1624255192.6369708
1624255193.2412064
1624255193.839427
1624255194.2416337
1624255194.6417353
1624255195.040334
1624255195.4379339
1624255195.8369873
1624255196.2394717
1624255196.6374338
1624255197.0381255
1624255197.4368052
1624255197.8403192
1624255198.2392945
1624255198.638392
1624255199.0362291
1624255199.4407978
1624255199.8368208
1624255200.2412589
1624255200.6375077
1624255201.0390956
1624255201.4399841
1624255201.8369229
1624255202.2360992
1624255202.6362786
1624255203.0361204
1624255203.4382608
1624255203.8402605
1624255204.2380323
1624255204.636446
1624255205.0404763
1624255205.43612
1624255205.8379071
1624255206.2348247
1624255206.6362212
1624255207.035615
1624255207.4370413
1624255207.8360569
1624255208.237103
1624255208.6373949
1624255208.9350836
1624255209.3383262
1624255209.7352288
1624255210.1361394
1624255210.5373042
1624255211.0370533
1624255211.5368078
1624255212.0349152
1624255212.4404943
1624255213.0363634
1624255213.8397534
1624255214.5342641
1624255215.3346224
1624255216.1353881
1624255216.9360259
1624255217.5358834
1624255218.1357937
1624255218.7360713
1624255219.234019
1624255219.7381871
1624255220.2355199
1624255220.8375065
1624255221.4368715
1624255222.039854
1624255222.6354606
1624255223.1346819
1624255223.6362088
1624255223.9342778
1624255224.2353289
1624255224.5390599
1624255225.0373478
1624255225.3358326
1624255225.6350868
1624255225.9369655
1624255226.2346296
1624255226.7353523
1624255227.2345624
1624255227.5367594
1624255228.035326
1624255228.3367243
1624255228.8344269
1624255229.1355014
1624255229.4344516
1624255229.8367219
1624255230.233439
1624255230.6351838
1624255230.9373767
1624255231.3329847
1624255231.7381368
1624255232.1333725
1624255232.5345867
1624255232.9359584
1624255233.3361814
1624255233.7326958
1624255234.1382713
1624255234.5346777
1624255234.9384007
1624255235.3346138
1624255235.7342544
1624255236.1328239
1624255236.5340838
1624255236.9313328
1624255237.3335896
1624255237.7321949
1624255238.1370814
1624255238.532347
1624255238.9374409
1624255239.3339174
1624255239.7348461
1624255240.1317563
1624255240.537183
1624255240.9330626
1624255241.3340478
1624255241.7315741
1624255242.1329169
1624255242.5344868
1624255242.9343629
1624255243.3315263
1624255243.7344441
1624255244.1326773
1624255244.5325539
1624255244.9313724
1624255245.3364184
1624255245.7341931
1624255246.1344163
1624255246.5315087
1624255246.9351172
1624255247.3334737
1624255247.7330534
1624255248.1361794
1624255248.5337844
1624255248.9331005
1624255249.3327422
1624255249.732085
1624255250.1359968
1624255250.5338356
1624255250.93519
1624255251.3311422
1624255251.7331994
1624255252.1318228
1624255252.5378327
1624255252.9329107
1624255253.332715
1624255253.7313566
1624255254.1386147
1624255254.5341053
1624255254.9348927
1624255255.3329902
1624255255.7358742
1624255256.1318314
1624255256.5324378
1624255256.9322751
1624255257.3337741
1624255257.7314978
1624255258.1355884
1624255258.5315104
1624255258.9318674
1624255259.330426
1624255259.7345238
1624255260.1342955
1624255260.5331068
1624255260.9313657
1624255261.3316228
1624255261.73103
1624255262.1360633
1624255262.5324829
1624255262.9367433
1624255263.3341014
1624255263.7359996
1624255264.1318238
1624255264.5354211
1624255264.9329078
1624255265.3339715
1624255265.7301536
1624255266.1360493
1624255266.5329432
1624255266.9308143
1624255267.3307939
1624255267.7304447
1624255268.1316888
1624255268.5336514
1624255268.9299538
1624255269.5341365
1624255270.3355665
1624255271.3315134
1624255272.9315031
1624255274.3324015
1624255275.1339483
1624255275.7349255
1624255276.334621
1624255276.7339818
1624255277.131295
1624255277.53426
1624255277.9325204
1624255278.3341346
1624255278.7357175
1624255279.1312723
1624255279.4348702
1624255279.8304374
1624255280.2325783
1624255280.5347533
1624255280.9311726
1624255281.3316679
1624255281.733762
1624255282.1316741
1624255282.5299244
1624255282.9325528
1624255283.3299437
1624255283.7313635
1624255284.0302076
1624255284.431134
1624255284.8293724
1624255285.2314641
1624255285.6295388
1624255286.0330298
1624255286.4303353
1624255286.8364122
1624255287.2312992
1624255287.6300547
1624255288.0297019
1624255288.4322798
1624255288.8286667
1624255289.231117
1624255289.629107
1624255290.0315695
1624255290.4290609
1624255290.8302531
1624255291.2285028
1624255291.6324592
1624255292.031863
1624255292.4325683
1624255292.8310435
1624255293.2297111
1624255293.6294084
1624255294.0300257
1624255294.4312205
1624255294.8289716
1624255295.4279315
1624255296.0314476
1624255296.8329825
1624255297.6300991
1624255298.4309833
1624255299.0342543
1624255299.6298866
1624255300.0283248
1624255300.4284847
1624255300.8318262
1624255301.2302384
1624255301.6300647
1624255302.0283515
1624255302.4302833
1624255302.8284824
1624255303.2302709
1624255303.6284363
1624255304.0283461
1624255304.4323177
1624255304.8268137
1624255305.2288568
1624255305.6276906
1624255306.0313132
1624255306.4268284
1624255306.8330672
1624255307.2289169
1624255307.6295207
1624255308.0316489
1624255308.4286649
1624255308.8278675
1624255309.1284957
1624255309.3315966
1624255309.5295086
1624255309.7289557
1624255309.9270356
1624255310.1291533
1624255310.3280811
1624255310.5266161
1624255310.7305613
1624255310.9279406
1624255311.1334291
1624255311.5281832
1624255311.9287193
1624255312.3273296
1624255312.7302961
1624255313.1283994
1624255313.5294259
1624255313.9256213
1624255314.3311827
1624255314.7284315
1624255315.1308005
1624255315.5272889
1624255315.9260471
1624255316.3251622
1624255316.7285523
1624255317.1251264
1624255317.5305912
1624255317.9274819
1624255318.3263204
1624255318.7245607
1624255319.1306486
1624255319.5277987
1624255320.1278841
1624255320.7253494
1624255321.3303933
1624255321.9247167
1624255322.525389
1624255322.9256754
1624255323.3258309
1624255323.7269721
1624255324.1252823
1624255324.52631
1624255324.9258349
1624255325.3250203
1624255325.7253256
1624255325.9274991
1624255326.1257145
1624255326.3291905
1624255326.5249903
1624255326.7247493
1624255326.928215
1624255327.1268334
1624255327.324266
1624255327.5280066
1624255327.7255116
1624255327.9275753
1624255328.1244569
1624255328.3239026
1624255328.5289528
1624255328.7282994
1624255328.9242918
1624255329.1245461
1624255329.3256984
1624255329.5261912
1624255329.7271833
1624255329.924242
1624255330.1273713
1624255330.3299668
1624255330.6296933
1624255330.8253763
1624255331.0279431
1624255331.2247443
1624255331.4270077
1624255331.623071
1624255331.9252312
1624255332.1271086
1624255332.4235604
1624255332.6250093
1624255332.82813
1624255333.1259787
1624255333.427422
1624255333.7251368
1624255334.023576
1624255334.4234347
1624255334.7235289
1624255335.0262837
1624255335.3241131
1624255335.7246408
1624255336.0257897
1624255336.3257377
1624255336.6298728
1624255337.0282891
1624255337.4280305
1624255337.7246711
1624255338.2280667
1624255338.5262225
1624255338.923579
1624255339.325969
1624255339.8274598
1624255340.2227592
1624255340.6236646
1624255340.9264205
1624255341.3267255
1624255341.6254699
1624255342.0254419
1624255342.4235029
1624255342.8250983
1624255343.2278211
1624255343.6242361
1624255344.0245507
1624255344.4222603
1624255344.9238567
1624255345.4272649
1624255346.3228316
1624255347.224781
1624255349.0229771
1624255350.3261409
1624255351.7242527
1624255352.5232019
1624255353.5230186
1624255354.0214884
1624255354.6223218
1624255355.0250559
1624255355.6211808
1624255356.123374
1624255356.6217146
1624255357.1216929
1624255357.624495
1624255358.1247101
1624255358.5224752
1624255359.2245269
1624255359.8253896
1624255360.2208915
1624255360.625566
1624255361.0209601
1624255361.5263019
1624255361.9244688
1624255362.5223057
1624255362.9221065
1624255363.4220719
1624255363.821619
1624255364.224335
1624255364.7248139
1624255365.2231643
1624255365.6240675
1624255366.0227952
1624255366.3215175
1624255366.7207422
1624255367.0221677
1624255367.3225434
1624255367.7264864
1624255368.0234272
1624255368.3237963
1624255368.7220097
1624255369.0219665
1624255369.3244257
1624255369.6232946
1624255370.2249618
1624255370.5224347
1624255370.8206787
1624255371.1233203
1624255371.4204199
1624255371.7209544
1624255372.0224609
1624255372.621357
1624255373.4226499
1624255373.7215908
1624255374.0203838
1624255374.4236114
1624255374.7209649
1624255375.2253981
1624255375.5206566
1624255376.0229275
1624255376.5200148
1624255377.0216272
1624255377.5235572
1624255378.0196962
1624255378.6196895
1624255379.3235636
1624255379.824156
1624255380.121345
1624255380.4191132
1624255380.8213985
1624255381.2194653
1624255381.6215463
1624255382.0206707
1624255382.4207454
1624255382.8193834
1624255383.2214637
1624255383.5207403
1624255383.8208663
1624255384.1216331
1624255384.5217245
1624255385.0220695
1624255385.522517
1624255385.822511
1624255386.1192799
1624255386.6219869
1624255387.0194302
1624255387.4191582
1624255387.8202207
1624255388.3195395
1624255388.7224088
1624255389.1193354
1624255389.5194178
1624255389.918262
1624255390.3189211
1624255390.7186067
1624255391.1213207
1624255391.5199583
1624255391.9215643
1624255392.3202798
1624255392.7209585
1624255393.1196182
1624255393.3193843
1624255393.5224934
1624255393.7218993
1624255393.9184074
1624255394.1184475
1624255394.3200431
1624255394.5233169
1624255394.7179518
1624255394.9176881
1624255395.119303
1624255395.3218451
1624255395.5178668
1624255395.7203879
1624255395.920171
1624255396.1209581
1624255396.3187232
1624255396.5175252
1624255396.7194233
1624255396.9212563
1624255397.1185296
1624255397.3183942
1624255397.520359
1624255397.7223411
1624255398.1190498
1624255398.5218036
1624255398.9197462
1624255399.3221285
1624255399.7184706
1624255400.1197729
1624255400.5181072
1624255400.9181433
1624255401.3192394
1624255401.7192025
1624255402.1207352
1624255402.5208466
1624255402.9179642
1624255403.3183408
1624255403.7171664
1624255404.1193731
1624255404.5177505
1624255404.9219511
1624255405.318063
1624255405.7175593
1624255406.1185086
1624255406.5200493
1624255406.9169469
1624255407.3183634
1624255407.7172084
1624255408.1174591
1624255408.5160513
1624255409.1161523
1624255409.7176793
1624255410.3181422
1624255410.9165547
1624255411.5180836
1624255412.1169174
1624255412.7186968
1624255413.3175039
1624255413.9186599
1624255414.5181179
1624255414.9188681
1624255415.3185968
1624255415.7165515
1624255416.1170754
1624255416.5181956
1624255416.9175563
1624255417.3189998
1624255417.7203088
1624255418.1198332
1624255418.5184183
1624255418.9199543
1624255419.3220522
1624255419.71662
1624255420.1211236
1624255420.5172424
1624255420.9197586
1624255421.3173258
1624255421.7171285
1624255422.1187489
1624255422.5192564
1624255422.9178498
1624255423.3174219
1624255423.7145648
1624255424.1177313
1624255424.5159087
1624255424.9168084
1624255425.3151884
1624255425.7156713
1624255426.1150577
1624255426.5159447
1624255426.9140456
1624255427.3171473
1624255427.7176402
1624255428.1161666
1624255428.5146501
1624255428.9202437
1624255429.3152316
1624255429.7193122
1624255430.1147432
1624255430.5202875
1624255430.9151747
1624255431.3163633
1624255431.7158515
1624255432.1161568
1624255432.5148337
1624255432.9198248
1624255433.3173475
1624255433.7162101
1624255434.1149662
1624255434.5179694
1624255434.9154296
1624255435.3176188
1624255435.7155924
1624255436.3176234
1624255436.9158206
1624255437.7190163
1624255438.7179654
1624255439.9172201
1624255440.9145904
1624255441.7174747
1624255442.5182822
1624255443.1163588
1624255443.7124622
1624255444.314584
1624255444.9125991
1624255445.5146871
1624255445.917757
1624255446.5175974
1624255446.91359
1624255447.3160362
1624255447.7153921
1624255448.1148477
1624255448.5146492
1624255448.9132736
1624255449.3121171
1624255449.7126026
1624255450.1153786
1624255450.517724
1624255451.1125169
1624255451.9124365
1624255452.9149921
1624255453.7158132
1624255454.3116937
1624255454.9104817
1624255455.513643
1624255455.911648
1624255456.3161244
1624255456.7123137
1624255457.1148584
1624255457.5101478
1624255457.914094
1624255458.3108191
1624255458.7137794
1624255459.1148114
1624255459.5232687
1624255459.9107113
1624255460.3162186
1624255460.7142761
1624255461.1145642
1624255461.5120835
1624255461.9148941
1624255462.3105738
1624255462.8121984
1624255463.3130109
1624255463.8110192
1624255464.1147418
1624255464.6114731
1624255465.1131408
1624255465.5112567
1624255465.9133084
1624255466.3105538
1624255466.7163064
1624255467.1107683
1624255467.513658
1624255467.9122672
1624255468.3158112
1624255468.7128134
1624255469.2111318
1624255469.611882
1624255470.0154276
1624255470.4142451
1624255470.8150833
1624255471.2117739
1624255471.6132536
1624255472.2151697
1624255472.8113489
1624255473.8109684
1624255474.8115668
1624255475.6144383
1624255476.212492
1624255476.8143294
1624255477.4100757
1624255478.0134795
1624255478.6115291
1624255479.4112492
1624255480.211942
1624255481.0149233
1624255481.8095899
1624255482.4105086
1624255483.0111866
1624255483.6104312
1624255484.2101507
1624255484.8114891
1624255485.4111962
1624255486.0094721
1624255486.8137474
1624255488.0131235
1624255490.610929
1624255491.6100237
1624255493.4117262
1624255494.7114241
1624255495.9083798
1624255497.9089348
1624255499.3095059
1624255500.4130516
1624255501.2084954
1624255501.709193
1624255502.3107102
1624255502.9078422
1624255503.3080766
1624255503.8107359
1624255504.210603
1624255504.6081898
1624255505.008734
1624255505.4091072
1624255505.8093467
1624255506.4075136
1624255507.0075366
1624255507.6097207
1624255508.2122712
1624255508.8094308
1624255509.4090862
1624255510.0094054
1624255510.6126647
1624255511.2075717
1624255511.8098404
1624255512.4084189
1624255513.0093861
1624255513.6116304
1624255514.011044
1624255514.4138427
1624255514.8099599
1624255515.2091589
1624255515.6109095
1624255516.2088337
1624255516.8077912
1624255517.2079141
1624255517.6111567
1624255518.0104132
1624255518.408179
1624255518.8091249
1624255519.2060974
1624255519.8063123
1624255520.4117463
1624255521.0083973
1624255521.6084673
1624255522.2092664
1624255523.0064189
1624255523.8087068
1624255524.6063666
1624255525.4058728
1624255526.2074146
1624255527.0088868
1624255527.805721
1624255528.8049359
1624255529.8073132
1624255531.0043864
1624255532.206043
1624255533.6060348
1624255543.0042837
1624255544.8039408
1624255546.4053569
1624255548.0056622
1624255549.8048105
1624255551.2062047
1624255552.803622
1624255555.0058784
1624255557.2039089
1624255559.4029293
1624255561.6029632
1624255564.4074247
1624255567.0030708
1624255577.8044403
1624255586.0035748
1624255588.0009537
1624255591.0031135
1624255595.2016933
1624255600.4018173
1624255606.0059016
1624255611.6031039
1624255621.4024155
1624255627.3975379
1624255630.2023969
1624255632.7997835
1624255635.1975384
1624255638.5961316
1624255642.9979188
1624255647.1968331
1624255650.5953469
1624255654.3967071
1624255657.9950423
1624255659.9953966
1624255662.1947961
1624255663.9967983
1624255665.59322
1624255667.1958818
1624255668.9943261
1624255670.5952692
1624255672.5958555
1624255674.591841
1624255683.1929312
1624255684.3917542
1624255688.3905306
1624255689.791301
1624255690.7894905
1624255691.9919913
1624255693.1891425
1624255694.1923325
1624255695.3902462
1624255696.7931654
1624255697.98879
1624255699.0907891
1624255700.0926147
1624255701.1896639
1624255702.4899528
1624255703.5884864
1624255704.6939909
1624255705.7912931
1624255706.8919489
1624255707.9904895
1624255709.2927475
1624255710.7876656
1624255712.287415
1624255713.5933654
1624255714.5884233
1624255715.4885259
1624255716.4867613
1624255717.591208
1624255718.9911046
1624255720.2891471
1624255721.5878806
1624255723.7889259
1624255729.2866166
1624255734.6849732
1624255736.8895025
1624255740.0881963
1624255742.0846715
1624255746.4902997
1624255747.4843423
1624255748.2868488
1624255748.9859843
1624255749.5871654
1624255750.0844126
1624255750.6852105
1624255751.5849984
1624255753.5860906
1624255754.6855545
1624255755.3889186
1624255755.9839916
1624255756.6851561
1624255757.3876173
1624255758.0825617
1624255758.685318
1624255759.3879383
1624255759.986938
1624255760.6881347
1624255761.1861975
1624255761.8854048
1624255762.3862979
1624255762.8832695
1624255763.3852506
1624255763.8828852
1624255764.4822919
1624255764.9862268
1624255765.48331
1624255765.9837837
1624255766.285696
1624255766.6822248
1624255767.1836221
1624255767.6827958
1624255768.1857762
1624255768.6845644
1624255769.2809768
1624255769.7862933
1624255770.2852085
1624255770.7847238
1624255771.2823439
1624255771.7807543
1624255772.2830279
1624255772.6853163
1624255772.9831095
1624255773.4837952
1624255773.9831867
1624255774.3857737
1624255774.7831802
1624255775.1865959
1624255775.5852883
1624255775.9836128
1624255776.3820961
1624255776.781554
1624255777.1812978
1624255777.5813303
1624255777.983192
1624255778.3837793
1624255778.7837739
1624255779.1809354
1624255779.5840263
1624255779.9819877
1624255780.3899448
1624255780.7834971
1624255781.1840506
1624255781.5843129
1624255781.9818347
1624255782.3804839
1624255782.7810135
1624255783.1827457
1624255783.5815227
1624255783.9843633
1624255784.3827217
1624255784.9830604
1624255785.7833009
1624255787.9798677
1624255789.3791978
1624255792.9809933
1624255793.9805596
1624255794.7806599
1624255795.5835192
1624255796.1798792
1624255796.7794101
1624255797.1794589
1624255797.583647
1624255797.9829013
1624255798.3793616
1624255798.7823102
1624255799.1827288
1624255799.5805881
1624255799.978858
1624255800.3791895
1624255800.779027
1624255801.1817784
1624255801.5779691
1624255801.7848873
1624255801.9798951
1624255802.1806102
1624255802.3838954
1624255802.5792046
1624255802.7811275
1624255802.9779406
1624255803.1781831
1624255803.3790815
1624255803.5812118
1624255803.777755
1624255803.9802837
1624255804.1803772
1624255804.3790226
1624255804.5771456
1624255804.7820807
1624255804.9789498
1624255805.1806805
1624255805.3761063
1624255805.5771143
1624255805.7789981
1624255805.9805353
1624255806.1778173
1624255806.3794971
1624255806.5821004
1624255806.7789814
1624255806.9796228
1624255807.1794603
1624255807.3767178
1624255807.5795286
1624255807.7758162
1624255807.977766
1624255808.1779566
1624255808.376579
1624255808.5764256
1624255808.7763875
1624255808.9814351
1624255809.1785784
1624255809.3778052
1624255809.5778077
1624255809.7833633
1624255809.9772811
1624255810.1780899
1624255810.3763998
1624255810.5771616
1624255810.7811649
1624255810.9762774
1624255811.1786513
1624255811.3773587
1624255811.5780451
1624255811.7787488
1624255811.9760811
1624255812.1768947
1624255812.3799512
1624255812.5762348
1624255812.7781928
1624255812.9787047
1624255813.1807637
1624255813.3770885
1624255813.580997
1624255813.7781444
1624255813.9798906
1624255814.1792355
1624255814.3772137
1624255814.5779984
1624255814.7797127
1624255814.9764218
1624255815.1762331
1624255815.377316
1624255815.5812516
1624255815.9765971
1624255816.3787987
1624255816.7765326
1624255817.1797101
1624255817.5785561
1624255817.9806299
1624255818.377296
1624255818.7778549
1624255819.2772834
1624255819.9770887
1624255820.6757617
1624255821.2783325
1624255821.9760127
1624255822.5787148
1624255823.2808604
1624255823.6757379
1624255824.0760281
1624255824.4777589
1624255824.8779392
1624255825.2760463
1624255825.6795034
1624255826.0762734
1624255826.4760025
1624255826.8757389
1624255827.0779309
1624255827.2755618
1624255827.4798875
1624255827.6758211
1624255827.8765447
1624255828.078826
1624255828.2763991
1624255828.4766452
1624255828.6747701
1624255828.8754003
1624255829.0770891
1624255829.276248
1624255829.4758489
1624255829.675714
1624255829.8761134
1624255830.2789412
1624255830.680784
1624255831.0747931
1624255831.4758558
1624255831.873528
1624255832.2753778
1624255832.6752551
1624255833.0761514
1624255833.2759528
1624255833.4745519
1624255833.6751964
1624255833.879858
1624255834.0754633
1624255834.2751849
1624255834.4748902
1624255834.6791582
1624255834.8746243
1624255835.0775068
1624255835.2781212
1624255835.4761865
1624255835.6798155
1624255835.8742242
1624255836.0763667
1624255836.2800679
1624255836.4766638
1624255836.6752582
1624255836.875283
1624255837.0761757
1624255837.2785821
1624255837.4744806
1624255837.6745043
1624255837.8795857
1624255838.0759041
1624255838.2755044
1624255838.4780087
1624255838.6747112
1624255838.8773286
1624255839.0746219
1624255839.2763584
1624255839.4755132
1624255839.6790802
1624255839.874351
1624255840.0746081
1624255840.2794952
1624255840.4771938
1624255840.6749191
1624255840.876205
1624255841.0759246
1624255841.2784443
1624255841.4748659
1624255841.6771679
1624255841.8792405
1624255842.0757713
1624255842.2772932
1624255842.4777138
1624255842.6778059
1624255842.8753252
1624255843.0769079
1624255843.2791991
1624255843.474812
1624255843.6761613
1624255843.8758399
1624255844.0781183
1624255844.2757695
1624255844.477339
1624255844.6736956
1624255844.8750577
1624255845.0765593
1624255845.2757623
1624255845.4756455
1624255845.6750259
1624255845.8755946
1624255846.0753469
1624255846.2766931
1624255846.6753881
1624255847.0764172
1624255847.4756382
1624255847.8731036
1624255848.4743583
1624255849.0773695
1624255849.8774352
1624255851.0744767
1624255852.2756572
1624255853.2756085
1624255854.0748866
1624255854.6732671
1624255855.0726368
1624255855.475842
1624255855.8740366
1624255856.2744229
1624255856.6714923
1624255857.0733223
1624255857.4722769
1624255857.875428
1624255858.2733662
1624255858.6762896
1624255859.0749757
1624255859.4755983
1624255859.8747873
1624255860.2762167
1624255860.6721992
1624255861.0764499
1624255861.4749458
1624255862.0723593
1624255862.6752031
1624255863.2734892
1624255863.8737073
1624255864.4741607
1624255865.0752342
1624255865.6724093
1624255866.2708845
1624255866.8732312
1624255867.8710146
1624255871.4709847
1624255872.4747279
1624255873.4704175
1624255874.6727872
1624255875.6752341
1624255876.6734707
1624255877.8722537
1624255883.6727414
1624255884.8715246
1624255886.2703204
1624255888.0718818
1624255888.6701701
1624255889.2713187
1624255889.8699763
1624255890.2698703
1624255890.6698453
1624255891.0693099
1624255891.4694741
1624255891.8722951
1624255892.2702579
1624255892.6679983
1624255893.0696623
1624255893.4701614
1624255894.0727921
1624255894.6713982
1624255895.469142
1624255896.269135
1624255897.0690403
1624255897.867682
1624255898.470103
1624255899.0692592
1624255899.6685247
1624255900.2699144
1624255901.4686995
1624255903.2701783
1624255904.0679648
1624255904.8691888
1624255905.4695938
1624255906.2689342
1624255907.2667172
1624255908.269136
1624255909.269743
1624255910.0705888
1624255910.6682065
1624255911.2662253
1624255911.6713161
1624255912.0690846
1624255912.4691687
1624255912.8668323
1624255913.2676806
1624255913.6697018
1624255913.9670279
1624255914.3697925
1624255914.7679348
1624255914.9695776
1624255915.1686108
1624255915.3683777
1624255915.5672679
1624255915.8680866
1624255916.0661671
1624255916.2716901
1624255916.4675515
1624255916.6694834
1624255916.9660573
1624255917.1670666
1624255917.3678315
1624255917.5666492
1624255917.8677945
1624255918.0676379
1624255918.26948
1624255918.4692116
1624255918.7694018
1624255918.968112
1624255919.2671013
1624255919.5659258
1624255919.7685812
1624255920.0656936
1624255920.2664893
1624255920.5682957
1624255920.7658367
1624255921.0686738
1624255921.3707566
1624255921.5668035
1624255921.8674169
1624255922.1679993
1624255922.3669841
1624255922.6668475
1624255922.9682295
1624255923.2659459
1624255923.6667743
1624255923.9676847
1624255924.2716868
1624255924.4659007
1624255924.7686121
1624255925.0685551
1624255925.2715724
1624255925.5677228
1624255925.7670298
1624255926.0667844
1624255926.3674264
1624255926.5652592
1624255926.8663068
1624255927.0698891
1624255927.3649311
1624255927.6668701
1624255927.8695636
1624255928.1654952
1624255928.3665376
1624255928.6665907
1624255928.9664509
1624255929.1664345
1624255929.4667077
1624255929.6780801
1624255929.9662504
1624255930.2683573
1624255930.4660323
1624255930.666539
1624255930.9682977
1624255931.1679738
1624255931.3707681
1624255931.667963
1624255931.8677361
1624255932.16485
1624255932.3690023
1624255932.6675675
1624255932.8649085
1624255933.0670455
1624255933.3699644
1624255933.5665524
1624255933.7683041
1624255934.0654433
1624255934.2681978
1624255934.4641197
1624255934.6640007
1624255934.8652952
1624255935.0678806
1624255935.2645941
1624255935.5662105
1624255935.7687981
1624255935.9654536
1624255936.1671276
1624255936.3669729
1624255936.5658743
1624255936.8677504
1624255937.0650165
1624255937.2673144
1624255937.4665723
1624255937.6634233
1624255937.9680443
1624255938.1650195
1624255938.3669894
1624255938.6638384
1624255938.9656537
1624255939.1753414
1624255939.4666741
1624255939.7703235
1624255940.0657854
1624255940.3671358
1624255940.5683007
1624255940.7659194
1624255941.0653739
1624255941.3669879
1624255941.5672519
1624255941.8688326
1624255942.06481
1624255942.366991
1624255942.5648346
1624255942.9661822
1624255943.2659793
1624255943.76863
1624255944.2677796
1624255944.6671951
1624255944.9656777
1624255945.3663316
1624255945.8659339
1624255946.3654168
1624255946.8675957
1624255947.3669679
1624255947.8667629
1624255948.4679258
1624255949.3693719
